1
1 [608, 297] [553, 305]
2 [586, 203] [542, 208]
3 [531, 148] [488, 151]
4 [634, 169] [601, 171]

2
1 [604, 297] [555, 304]
2 [584, 205] [541, 208]
3 [632, 167] [604, 169]
4 [535, 146] [490, 149]

3
1 [614, 295] [552, 305]
2 [581, 204] [540, 207]
3 [633, 169] [599, 171]
4 [531, 146] [488, 150]

4
1 [617, 296] [553, 305]
2 [582, 202] [543, 208]
3 [634, 169] [597, 171]
4 [522, 148] [485, 149]

5
1 [608, 297] [548, 305]
2 [579, 203] [541, 208]
3 [630, 169] [601, 170]
4 [528, 148] [488, 150]

6
1 [615, 297] [550, 305]
2 [579, 204] [543, 208]
3 [632, 168] [602, 170]
4 [532, 147] [485, 150]

7
1 [621, 296] [550, 305]
2 [576, 206] [537, 207]
3 [632, 169] [600, 171]
4 [533, 148] [483, 149]

8
1 [614, 296] [550, 306]
2 [576, 204] [539, 207]
3 [633, 168] [601, 170]
4 [523, 148] [485, 150]

9
1 [597, 299] [548, 305]
2 [579, 203] [538, 207]
3 [632, 167] [595, 171]
4 [528, 148] [486, 149]

10
1 [607, 298] [548, 304]
2 [575, 204] [538, 208]
3 [636, 201] [624, 201]
4 [634, 167] [601, 170]
5 [533, 146] [484, 149]

11
1 [609, 298] [542, 304]
2 [572, 205] [532, 209]
3 [637, 200] [621, 201]
4 [636, 170] [598, 171]
5 [533, 147] [483, 149]

12
1 [592, 299] [540, 305]
2 [635, 200] [621, 201]
3 [566, 204] [530, 208]
4 [629, 167] [592, 171]
5 [523, 147] [482, 149]

13
1 [607, 297] [540, 305]
2 [569, 205] [528, 209]
3 [636, 200] [619, 202]
4 [629, 168] [593, 172]
5 [513, 148] [481, 149]

14
1 [604, 298] [538, 305]
2 [635, 200] [618, 202]
3 [562, 204] [528, 208]
4 [631, 168] [591, 171]
5 [517, 148] [482, 151]

15
1 [589, 301] [535, 306]
2 [557, 205] [524, 210]
3 [636, 198] [616, 203]
4 [630, 170] [588, 172]
5 [516, 148] [484, 150]

16
1 [589, 299] [536, 306]
2 [634, 200] [618, 201]
3 [551, 203] [526, 209]
4 [619, 170] [590, 172]
5 [504, 149] [483, 150]

17
1 [589, 302] [536, 308]
2 [555, 204] [524, 207]
3 [635, 197] [614, 200]
4 [624, 168] [586, 171]
5 [507, 149] [482, 151]

18
1 [601, 298] [542, 306]
2 [553, 205] [525, 209]
3 [636, 200] [615, 203]
4 [621, 168] [592, 172]
5 [516, 150] [477, 150]

19
1 [587, 301] [531, 308]
2 [553, 204] [523, 207]
3 [636, 198] [615, 200]
4 [615, 171] [588, 173]
5 [500, 148] [473, 151]

20
1 [598, 299] [527, 308]
2 [636, 200] [613, 202]
3 [552, 205] [523, 209]
4 [617, 167] [586, 174]
5 [512, 149] [474, 151]

21
1 [587, 300] [531, 308]
2 [550, 205] [521, 208]
3 [637, 197] [611, 201]
4 [619, 169] [589, 171]
5 [506, 148] [479, 149]

22
1 [588, 299] [528, 307]
2 [637, 199] [610, 200]
3 [549, 203] [520, 209]
4 [624, 167] [586, 172]
5 [503, 148] [474, 149]

23
1 [581, 302] [527, 309]
2 [635, 200] [609, 200]
3 [550, 205] [520, 210]
4 [613, 168] [580, 173]
5 [507, 147] [473, 150]

24
1 [579, 302] [525, 308]
2 [637, 199] [608, 201]
3 [549, 203] [519, 210]
4 [625, 168] [578, 174]
5 [494, 149] [472, 151]

25
1 [573, 303] [523, 308]
2 [637, 200] [607, 201]
3 [549, 206] [517, 210]
4 [625, 170] [581, 173]
5 [503, 149] [468, 151]

26
1 [575, 303] [521, 308]
2 [636, 200] [607, 204]
3 [547, 207] [515, 209]
4 [615, 168] [578, 173]
5 [500, 148] [467, 151]

27
1 [573, 303] [518, 309]
2 [636, 200] [607, 203]
3 [549, 205] [515, 209]
4 [624, 167] [585, 173]
5 [496, 149] [467, 152]

28
1 [577, 301] [519, 310]
2 [635, 201] [603, 204]
3 [548, 206] [512, 211]
4 [619, 169] [574, 173]
5 [500, 148] [466, 151]

29
1 [573, 302] [515, 310]
2 [635, 199] [603, 202]
3 [549, 205] [510, 210]
4 [613, 171] [572, 175]
5 [501, 150] [463, 151]

30
1 [569, 304] [513, 309]
2 [636, 200] [601, 202]
3 [547, 205] [507, 210]
4 [616, 171] [570, 173]
5 [490, 149] [461, 152]

31
1 [567, 304] [512, 310]
2 [636, 199] [602, 201]
3 [550, 205] [508, 210]
4 [609, 170] [570, 174]
5 [498, 148] [462, 152]

32
1 [567, 304] [513, 310]
2 [635, 200] [601, 202]
3 [543, 205] [506, 210]
4 [607, 171] [573, 172]
5 [497, 151] [462, 151]

33
1 [571, 304] [508, 307]
2 [639, 253] [627, 254]
3 [635, 201] [600, 202]
4 [546, 206] [507, 210]
5 [602, 171] [572, 174]
6 [487, 148] [464, 151]

34
1 [568, 304] [507, 308]
2 [637, 251] [623, 252]
3 [635, 199] [597, 203]
4 [547, 206] [506, 209]
5 [604, 171] [564, 174]
6 [491, 148] [462, 151]

35
1 [580, 300] [506, 307]
2 [637, 252] [621, 253]
3 [632, 200] [596, 204]
4 [544, 205] [503, 210]
5 [608, 169] [566, 173]
6 [490, 148] [460, 152]

36
1 [572, 302] [505, 308]
2 [639, 251] [621, 252]
3 [632, 200] [595, 203]
4 [547, 205] [503, 209]
5 [604, 171] [565, 174]
6 [484, 152] [462, 153]

37
1 [569, 304] [505, 308]
2 [638, 250] [620, 252]
3 [634, 201] [596, 204]
4 [545, 206] [500, 209]
5 [599, 173] [563, 175]
6 [486, 150] [447, 151]

38
1 [574, 304] [501, 310]
2 [637, 251] [615, 251]
3 [635, 201] [596, 204]
4 [546, 206] [500, 210]
5 [603, 171] [566, 174]
6 [490, 152] [455, 153]

39
1 [569, 302] [500, 310]
2 [638, 252] [618, 252]
3 [634, 202] [593, 205]
4 [549, 205] [495, 209]
5 [601, 171] [562, 174]
6 [484, 150] [451, 152]

40
1 [566, 304] [500, 310]
2 [638, 252] [618, 253]
3 [632, 201] [591, 201]
4 [546, 206] [499, 209]
5 [604, 171] [557, 174]
6 [491, 150] [451, 152]

41
1 [555, 304] [498, 308]
2 [638, 252] [616, 253]
3 [635, 201] [591, 204]
4 [536, 207] [495, 209]
5 [599, 173] [559, 174]
6 [484, 149] [450, 151]

42
1 [564, 305] [495, 307]
2 [638, 253] [615, 252]
3 [633, 201] [587, 202]
4 [538, 206] [494, 210]
5 [597, 170] [562, 174]
6 [486, 151] [453, 151]

43
1 [566, 305] [494, 310]
2 [636, 253] [612, 253]
3 [631, 201] [589, 203]
4 [543, 204] [491, 209]
5 [601, 170] [556, 174]
6 [489, 152] [446, 152]

44
1 [559, 305] [493, 309]
2 [638, 254] [610, 254]
3 [634, 201] [583, 202]
4 [541, 204] [489, 209]
5 [598, 172] [556, 174]
6 [488, 150] [450, 151]

45
1 [561, 305] [492, 307]
2 [637, 253] [607, 253]
3 [628, 201] [586, 203]
4 [532, 208] [488, 208]
5 [592, 175] [556, 175]
6 [484, 151] [450, 151]

46
1 [568, 302] [491, 307]
2 [638, 254] [604, 252]
3 [633, 200] [585, 202]
4 [533, 205] [488, 207]
5 [604, 169] [556, 174]
6 [484, 151] [451, 152]

47
1 [549, 305] [490, 306]
2 [637, 252] [604, 253]
3 [635, 200] [584, 201]
4 [535, 206] [488, 208]
5 [604, 173] [556, 174]
6 [490, 150] [446, 151]

48
1 [553, 307] [488, 309]
2 [638, 253] [600, 253]
3 [636, 201] [582, 202]
4 [532, 207] [486, 208]
5 [595, 173] [549, 174]
6 [483, 151] [444, 152]

49
1 [550, 305] [486, 308]
2 [636, 253] [602, 252]
3 [635, 200] [580, 201]
4 [531, 206] [483, 209]
5 [592, 172] [555, 173]
6 [483, 151] [447, 151]

50
1 [554, 306] [485, 306]
2 [629, 253] [597, 252]
3 [634, 200] [580, 200]
4 [540, 205] [485, 207]
5 [607, 169] [548, 174]
6 [494, 149] [443, 151]

51
1 [558, 305] [484, 305]
2 [636, 254] [598, 253]
3 [630, 202] [577, 203]
4 [532, 206] [481, 209]
5 [593, 172] [552, 174]
6 [482, 149] [443, 150]

52
1 [558, 306] [482, 307]
2 [637, 255] [599, 253]
3 [631, 201] [577, 200]
4 [534, 206] [481, 206]
5 [595, 173] [544, 174]
6 [484, 150] [439, 150]

53
1 [551, 307] [482, 307]
2 [634, 252] [592, 251]
3 [628, 200] [575, 200]
4 [526, 205] [485, 208]
5 [595, 172] [546, 173]
6 [482, 152] [443, 151]

54
1 [548, 304] [479, 306]
2 [635, 251] [589, 251]
3 [627, 200] [574, 202]
4 [525, 206] [481, 208]
5 [590, 173] [546, 174]
6 [478, 151] [443, 152]

55
1 [547, 305] [480, 305]
2 [634, 251] [592, 251]
3 [614, 200] [569, 201]
4 [518, 208] [478, 208]
5 [595, 170] [545, 174]
6 [637, 150] [625, 149]
7 [484, 152] [439, 153]

56
1 [551, 305] [474, 305]
2 [633, 249] [594, 251]
3 [615, 200] [571, 200]
4 [525, 207] [483, 209]
5 [583, 173] [542, 174]
6 [638, 149] [622, 149]
7 [477, 150] [439, 152]

57
1 [534, 305] [472, 304]
2 [632, 251] [594, 251]
3 [612, 200] [569, 202]
4 [522, 207] [478, 208]
5 [589, 172] [544, 173]
6 [638, 148] [621, 148]
7 [482, 150] [439, 152]

58
1 [538, 304] [469, 304]
2 [633, 249] [584, 250]
3 [613, 200] [568, 202]
4 [518, 207] [478, 207]
5 [574, 173] [540, 174]
6 [637, 148] [621, 149]
7 [480, 149] [438, 151]

59
1 [542, 304] [469, 304]
2 [632, 250] [584, 251]
3 [613, 202] [567, 202]
4 [518, 206] [477, 207]
5 [576, 173] [540, 174]
6 [636, 148] [619, 148]
7 [484, 151] [441, 152]

60
1 [542, 304] [468, 304]
2 [633, 250] [583, 250]
3 [612, 202] [565, 201]
4 [520, 207] [477, 207]
5 [581, 171] [540, 173]
6 [637, 148] [618, 148]
7 [478, 150] [439, 152]

61
1 [539, 306] [466, 303]
2 [631, 248] [586, 249]
3 [613, 200] [564, 201]
4 [508, 207] [472, 207]
5 [574, 174] [538, 174]
6 [638, 149] [619, 149]
7 [476, 150] [428, 151]

62
1 [537, 305] [466, 304]
2 [635, 248] [582, 250]
3 [608, 200] [561, 201]
4 [512, 208] [469, 206]
5 [575, 171] [536, 173]
6 [637, 149] [617, 149]
7 [461, 154] [422, 153]

63
1 [528, 307] [462, 304]
2 [635, 250] [585, 251]
3 [615, 200] [560, 202]
4 [508, 209] [468, 207]
5 [576, 173] [535, 172]
6 [638, 148] [613, 148]
7 [474, 154] [426, 150]

64
1 [536, 305] [458, 304]
2 [626, 250] [578, 250]
3 [609, 200] [556, 201]
4 [512, 209] [467, 207]
5 [575, 173] [529, 172]
6 [635, 149] [611, 149]
7 [458, 151] [422, 152]

65
1 [533, 306] [457, 304]
2 [631, 249] [576, 250]
3 [593, 203] [555, 203]
4 [509, 208] [467, 208]
5 [573, 172] [531, 171]
6 [637, 148] [610, 148]
7 [466, 151] [421, 153]

66
1 [527, 307] [456, 304]
2 [632, 249] [575, 248]
3 [587, 202] [546, 201]
4 [508, 209] [466, 207]
5 [572, 173] [529, 172]
6 [637, 149] [606, 149]
7 [456, 153] [421, 153]

67
1 [528, 305] [452, 303]
2 [615, 249] [570, 250]
3 [596, 200] [553, 201]
4 [506, 206] [468, 206]
5 [567, 173] [530, 172]
6 [638, 147] [606, 148]
7 [460, 151] [420, 151]

68
1 [518, 308] [457, 305]
2 [625, 248] [573, 250]
3 [605, 198] [553, 202]
4 [507, 208] [466, 208]
5 [571, 173] [532, 173]
6 [637, 150] [607, 150]
7 [466, 150] [424, 153]

69
1 [520, 309] [451, 303]
2 [616, 249] [570, 248]
3 [599, 201] [553, 201]
4 [503, 208] [464, 208]
5 [569, 173] [535, 172]
6 [636, 149] [609, 149]
7 [459, 154] [421, 153]

70
1 [530, 305] [452, 302]
2 [617, 251] [569, 250]
3 [589, 202] [548, 202]
4 [507, 207] [465, 207]
5 [570, 171] [525, 173]
6 [637, 148] [606, 148]
7 [462, 151] [415, 153]

71
1 [514, 308] [448, 303]
2 [597, 248] [568, 250]
3 [592, 200] [548, 202]
4 [503, 206] [459, 207]
5 [571, 173] [526, 172]
6 [637, 148] [610, 148]
7 [461, 150] [423, 152]

72
1 [514, 306] [449, 305]
2 [595, 249] [564, 249]
3 [585, 201] [549, 203]
4 [502, 207] [459, 206]
5 [564, 170] [524, 173]
6 [634, 149] [606, 149]
7 [458, 155] [422, 151]

73
1 [516, 307] [443, 305]
2 [589, 248] [562, 249]
3 [580, 201] [546, 202]
4 [502, 207] [457, 206]
5 [569, 171] [524, 172]
6 [636, 148] [607, 148]
7 [456, 153] [421, 153]

74
1 [513, 306] [442, 304]
2 [586, 248] [561, 248]
3 [582, 199] [545, 201]
4 [513, 207] [455, 205]
5 [569, 174] [522, 172]
6 [637, 150] [605, 149]
7 [458, 152] [423, 152]

75
1 [523, 305] [439, 304]
2 [620, 249] [558, 248]
3 [597, 200] [545, 201]
4 [502, 206] [456, 205]
5 [566, 173] [523, 174]
6 [633, 148] [605, 147]
7 [458, 150] [422, 153]

76
1 [506, 307] [440, 303]
2 [587, 247] [557, 248]
3 [582, 202] [546, 202]
4 [497, 208] [451, 205]
5 [566, 174] [522, 174]
6 [636, 153] [598, 149]
7 [457, 157] [418, 158]

77
1 [524, 303] [444, 303]
2 [588, 248] [556, 248]
3 [576, 201] [543, 200]
4 [502, 209] [453, 209]
5 [563, 173] [520, 172]
6 [635, 149] [602, 148]
7 [455, 154] [414, 152]

78
1 [510, 306] [435, 300]
2 [583, 246] [554, 248]
3 [573, 200] [542, 200]
4 [504, 207] [451, 207]
5 [560, 172] [513, 171]
6 [630, 150] [599, 148]
7 [449, 152] [413, 150]

79
1 [504, 308] [438, 302]
2 [589, 248] [554, 250]
3 [579, 202] [542, 200]
4 [499, 208] [451, 207]
5 [559, 173] [514, 173]
6 [632, 152] [596, 147]
7 [452, 151] [413, 150]

80
1 [510, 306] [437, 301]
2 [584, 245] [552, 251]
3 [571, 201] [542, 201]
4 [502, 206] [450, 207]
5 [553, 173] [511, 173]
6 [636, 148] [600, 148]
7 [456, 152] [413, 151]

81
1 [493, 306] [435, 302]
2 [582, 246] [554, 248]
3 [578, 202] [541, 201]
4 [490, 209] [447, 207]
5 [554, 172] [515, 171]
6 [634, 151] [598, 148]
7 [456, 154] [414, 151]

82
1 [501, 306] [435, 302]
2 [578, 244] [548, 247]
3 [572, 203] [538, 204]
4 [485, 207] [445, 207]
5 [555, 172] [514, 173]
6 [632, 148] [601, 148]
7 [446, 151] [413, 153]

83
1 [508, 304] [431, 299]
2 [579, 245] [550, 249]
3 [578, 201] [539, 200]
4 [487, 207] [443, 207]
5 [550, 173] [512, 172]
6 [629, 150] [597, 148]
7 [448, 152] [412, 150]

84
1 [488, 305] [431, 301]
2 [580, 245] [550, 248]
3 [573, 202] [538, 201]
4 [485, 208] [438, 207]
5 [546, 172] [510, 171]
6 [441, 153] [409, 151]
7 [632, 150] [595, 148]

85
1 [495, 307] [429, 299]
2 [581, 246] [550, 248]
3 [568, 201] [538, 201]
4 [480, 209] [444, 209]
5 [560, 175] [514, 173]
6 [636, 151] [593, 149]
7 [449, 153] [409, 151]

86
1 [501, 305] [428, 302]
2 [577, 244] [548, 247]
3 [575, 200] [535, 201]
4 [491, 207] [440, 208]
5 [559, 172] [507, 171]
6 [620, 148] [593, 148]
7 [451, 153] [411, 151]

87
1 [505, 305] [427, 300]
2 [574, 244] [544, 249]
3 [570, 201] [535, 202]
4 [489, 207] [438, 207]
5 [550, 172] [508, 171]
6 [626, 146] [593, 148]
7 [451, 152] [415, 152]

88
1 [471, 303] [425, 300]
2 [574, 245] [545, 248]
3 [570, 200] [531, 201]
4 [482, 207] [436, 208]
5 [552, 173] [508, 172]
6 [623, 149] [593, 148]
7 [435, 151] [415, 150]

89
1 [467, 303] [425, 300]
2 [556, 201] [531, 201]
3 [480, 207] [439, 206]
4 [576, 246] [545, 247]
5 [549, 172] [510, 170]
6 [619, 148] [588, 147]
7 [447, 151] [408, 150]

90
1 [466, 303] [420, 299]
2 [576, 245] [545, 248]
3 [565, 200] [531, 201]
4 [478, 207] [436, 207]
5 [537, 170] [505, 171]
6 [618, 147] [588, 147]
7 [446, 150] [408, 152]

91
1 [464, 304] [421, 300]
2 [570, 245] [542, 248]
3 [559, 200] [533, 200]
4 [479, 206] [434, 208]
5 [545, 172] [511, 173]
6 [619, 147] [589, 147]
7 [439, 149] [406, 150]

92
1 [471, 304] [419, 299]
2 [567, 244] [542, 248]
3 [558, 199] [532, 201]
4 [476, 208] [436, 207]
5 [544, 171] [506, 171]
6 [623, 149] [587, 149]
7 [442, 149] [403, 152]

93
1 [462, 304] [416, 301]
2 [566, 247] [539, 248]
3 [559, 200] [530, 200]
4 [476, 207] [435, 206]
5 [537, 173] [506, 172]
6 [619, 147] [585, 147]
7 [435, 149] [399, 152]

94
1 [455, 303] [415, 302]
2 [569, 244] [540, 245]
3 [552, 201] [524, 203]
4 [474, 207] [435, 207]
5 [541, 174] [506, 172]
6 [622, 145] [582, 147]
7 [437, 152] [402, 151]

95
1 [465, 305] [415, 301]
2 [569, 244] [538, 247]
3 [552, 201] [526, 202]
4 [477, 209] [431, 208]
5 [531, 171] [500, 172]
6 [613, 146] [587, 147]
7 [436, 152] [401, 150]

96
1 [467, 304] [415, 301]
2 [562, 245] [536, 247]
3 [554, 200] [522, 204]
4 [473, 207] [431, 207]
5 [539, 174] [505, 172]
6 [617, 148] [586, 148]
7 [444, 150] [401, 151]

97
1 [461, 302] [408, 302]
2 [563, 242] [534, 247]
3 [548, 199] [522, 201]
4 [470, 209] [430, 207]
5 [529, 173] [500, 173]
6 [617, 146] [589, 146]
7 [441, 149] [400, 150]

98
1 [461, 302] [407, 302]
2 [577, 246] [531, 249]
3 [554, 199] [522, 203]
4 [542, 172] [499, 172]
5 [480, 209] [430, 207]
6 [426, 150] [400, 152]
7 [629, 147] [593, 148]

99
1 [459, 302] [407, 302]
2 [563, 244] [534, 248]
3 [548, 200] [521, 203]
4 [471, 207] [427, 207]
5 [541, 172] [495, 172]
6 [436, 149] [400, 150]
7 [634, 149] [588, 148]

100
1 [469, 304] [409, 301]
2 [571, 244] [534, 247]
3 [637, 203] [625, 206]
4 [561, 201] [522, 200]
5 [471, 209] [425, 208]
6 [532, 171] [493, 173]
7 [625, 147] [587, 147]
8 [440, 150] [400, 150]

101
1 [478, 305] [407, 302]
2 [574, 247] [532, 249]
3 [545, 200] [519, 203]
4 [469, 208] [427, 208]
5 [526, 171] [492, 172]
6 [611, 146] [586, 148]
7 [436, 148] [404, 151]
8 [638, 204] [623, 205]

102
1 [460, 299] [402, 303]
2 [560, 245] [530, 250]
3 [559, 200] [518, 204]
4 [472, 207] [428, 206]
5 [638, 203] [622, 208]
6 [627, 145] [591, 147]
7 [519, 171] [492, 172]
8 [432, 151] [396, 150]

103
1 [465, 305] [405, 305]
2 [569, 245] [529, 248]
3 [558, 200] [518, 202]
4 [471, 208] [424, 208]
5 [637, 203] [621, 207]
6 [533, 172] [491, 172]
7 [628, 149] [582, 148]
8 [438, 148] [394, 151]

104
1 [453, 299] [399, 304]
2 [578, 246] [528, 248]
3 [638, 203] [621, 207]
4 [556, 201] [515, 204]
5 [468, 205] [425, 207]
6 [536, 171] [491, 172]
7 [613, 144] [582, 147]
8 [440, 148] [397, 149]

105
1 [456, 301] [399, 304]
2 [572, 248] [527, 250]
3 [638, 204] [619, 206]
4 [562, 201] [514, 201]
5 [477, 205] [421, 206]
6 [533, 170] [489, 171]
7 [622, 146] [584, 147]
8 [431, 151] [395, 151]

106
1 [456, 303] [396, 305]
2 [559, 244] [525, 250]
3 [550, 199] [514, 204]
4 [465, 206] [422, 207]
5 [530, 170] [489, 172]
6 [639, 204] [620, 209]
7 [616, 145] [582, 148]
8 [438, 148] [396, 150]

107
1 [454, 300] [394, 304]
2 [565, 243] [524, 249]
3 [637, 205] [619, 207]
4 [563, 203] [514, 206]
5 [464, 208] [421, 207]
6 [529, 171] [489, 172]
7 [617, 146] [582, 147]
8 [436, 149] [396, 149]

108
1 [463, 305] [398, 306]
2 [564, 247] [522, 252]
3 [637, 205] [617, 206]
4 [558, 200] [514, 205]
5 [472, 208] [423, 209]
6 [526, 173] [489, 173]
7 [618, 147] [584, 147]
8 [433, 150] [399, 149]

109
1 [469, 303] [396, 305]
2 [569, 245] [523, 251]
3 [635, 204] [616, 209]
4 [562, 203] [516, 205]
5 [471, 208] [421, 207]
6 [529, 171] [489, 173]
7 [614, 147] [582, 147]
8 [431, 150] [396, 151]

110
1 [469, 304] [396, 305]
2 [553, 246] [522, 250]
3 [637, 206] [621, 209]
4 [562, 202] [513, 206]
5 [471, 207] [420, 209]
6 [524, 170] [491, 173]
7 [617, 146] [582, 148]
8 [437, 149] [395, 151]

111
1 [460, 304] [395, 307]
2 [565, 246] [520, 249]
3 [636, 205] [618, 208]
4 [557, 201] [515, 207]
5 [458, 206] [418, 207]
6 [528, 172] [488, 174]
7 [618, 149] [582, 148]
8 [432, 149] [394, 151]

112
1 [452, 303] [391, 307]
2 [558, 246] [521, 249]
3 [636, 203] [617, 209]
4 [548, 200] [511, 207]
5 [456, 204] [425, 207]
6 [521, 172] [490, 173]
7 [616, 148] [580, 148]
8 [435, 150] [391, 149]

113
1 [447, 303] [391, 306]
2 [556, 246] [522, 249]
3 [636, 204] [615, 208]
4 [546, 202] [511, 206]
5 [459, 208] [418, 207]
6 [525, 169] [489, 172]
7 [615, 146] [580, 147]
8 [435, 150] [392, 151]

114
1 [453, 303] [392, 306]
2 [554, 246] [521, 251]
3 [635, 206] [614, 210]
4 [547, 202] [510, 208]
5 [456, 208] [421, 209]
6 [522, 171] [488, 172]
7 [614, 148] [581, 148]
8 [426, 148] [397, 150]

115
1 [450, 301] [389, 307]
2 [557, 246] [520, 253]
3 [635, 203] [612, 210]
4 [538, 203] [508, 207]
5 [457, 208] [415, 209]
6 [518, 170] [485, 173]
7 [612, 147] [585, 148]
8 [424, 150] [397, 153]

116
1 [450, 303] [391, 308]
2 [552, 245] [523, 251]
3 [637, 204] [614, 210]
4 [541, 201] [503, 209]
5 [457, 208] [404, 212]
6 [512, 170] [481, 174]
7 [604, 146] [579, 149]
8 [424, 150] [395, 151]

117
1 [465, 305] [389, 308]
2 [546, 243] [517, 252]
3 [637, 203] [612, 212]
4 [546, 203] [501, 209]
5 [451, 206] [409, 211]
6 [526, 170] [482, 175]
7 [611, 147] [580, 149]
8 [428, 151] [396, 151]

118
1 [457, 305] [387, 308]
2 [556, 244] [517, 252]
3 [635, 204] [609, 209]
4 [546, 202] [503, 208]
5 [459, 210] [408, 210]
6 [517, 170] [477, 177]
7 [609, 145] [580, 148]
8 [425, 149] [392, 151]

119
1 [458, 302] [385, 308]
2 [551, 242] [517, 251]
3 [634, 203] [608, 209]
4 [550, 202] [502, 208]
5 [462, 208] [410, 210]
6 [515, 171] [477, 177]
7 [606, 147] [581, 152]
8 [427, 152] [389, 151]

120
1 [458, 302] [384, 311]
2 [544, 246] [515, 255]
3 [636, 203] [610, 209]
4 [554, 202] [500, 207]
5 [459, 207] [412, 211]
6 [521, 172] [475, 176]
7 [612, 148] [580, 151]
8 [426, 153] [392, 152]

121
1 [438, 305] [381, 310]
2 [548, 244] [513, 253]
3 [638, 206] [609, 209]
4 [540, 204] [498, 211]
5 [445, 209] [408, 211]
6 [510, 171] [476, 177]
7 [601, 148] [573, 151]
8 [418, 148] [381, 154]

122
1 [433, 303] [381, 310]
2 [558, 246] [510, 253]
3 [634, 205] [606, 209]
4 [543, 203] [500, 209]
5 [445, 208] [407, 210]
6 [514, 171] [477, 175]
7 [606, 149] [572, 152]
8 [420, 149] [378, 156]

123
1 [458, 303] [382, 311]
2 [555, 247] [509, 256]
3 [631, 203] [607, 208]
4 [523, 203] [494, 210]
5 [442, 208] [406, 211]
6 [512, 171] [475, 178]
7 [591, 148] [571, 150]
8 [415, 150] [381, 154]

124
1 [442, 303] [379, 313]
2 [542, 243] [506, 257]
3 [637, 204] [606, 209]
4 [545, 203] [500, 209]
5 [451, 206] [406, 211]
6 [504, 173] [472, 177]
7 [601, 147] [571, 149]
8 [414, 151] [381, 154]

125
1 [448, 305] [377, 312]
2 [545, 244] [506, 254]
3 [633, 203] [605, 211]
4 [539, 201] [497, 209]
5 [443, 208] [405, 211]
6 [495, 169] [472, 178]
7 [588, 142] [569, 149]
8 [400, 149] [379, 155]

126
1 [417, 300] [376, 314]
2 [528, 244] [505, 257]
3 [627, 205] [602, 213]
4 [524, 204] [496, 210]
5 [433, 209] [402, 211]
6 [491, 170] [472, 179]
7 [584, 146] [567, 150]
8 [399, 150] [377, 154]

127
1 [413, 301] [376, 313]
2 [541, 247] [506, 257]
3 [624, 203] [602, 212]
4 [520, 204] [495, 212]
5 [431, 209] [402, 213]
6 [488, 172] [468, 178]
7 [587, 147] [570, 151]
8 [400, 150] [375, 155]

128
1 [412, 303] [375, 311]
2 [531, 246] [505, 256]
3 [627, 203] [600, 214]
4 [528, 203] [496, 209]
5 [434, 208] [400, 211]
6 [490, 172] [471, 177]
7 [595, 145] [567, 150]
8 [403, 151] [376, 156]

129
1 [425, 303] [372, 315]
2 [542, 244] [504, 257]
3 [528, 203] [496, 211]
4 [430, 208] [399, 213]
5 [491, 169] [471, 177]
6 [404, 148] [374, 155]
7 [592, 148] [567, 152]
8 [621, 204] [600, 216]

130
1 [583, 146] [569, 150]
2 [492, 171] [469, 178]
3 [396, 149] [373, 157]
4 [429, 207] [397, 212]
5 [417, 303] [372, 317]
6 [524, 204] [494, 210]
7 [539, 242] [505, 256]

131
1 [415, 304] [372, 316]
2 [530, 244] [503, 257]
3 [615, 204] [599, 215]
4 [523, 203] [493, 210]
5 [433, 209] [401, 212]
6 [496, 171] [469, 178]
7 [589, 146] [569, 150]
8 [401, 149] [372, 157]

132
1 [428, 300] [372, 313]
2 [538, 245] [506, 256]
3 [623, 203] [598, 216]
4 [525, 204] [492, 212]
5 [435, 206] [401, 212]
6 [495, 171] [468, 177]
7 [584, 147] [567, 150]
8 [402, 149] [380, 154]

133
1 [417, 304] [368, 317]
2 [535, 245] [504, 257]
3 [623, 205] [595, 219]
4 [521, 205] [492, 213]
5 [436, 208] [403, 212]
6 [496, 170] [467, 180]
7 [586, 148] [567, 152]
8 [399, 147] [373, 154]

134
1 [413, 303] [366, 318]
2 [534, 243] [501, 257]
3 [620, 204] [595, 218]
4 [523, 203] [491, 213]
5 [429, 207] [395, 215]
6 [493, 171] [467, 180]
7 [591, 146] [567, 150]
8 [396, 149] [371, 158]

135
1 [418, 301] [367, 315]
2 [533, 246] [499, 260]
3 [622, 203] [596, 218]
4 [519, 205] [490, 213]
5 [430, 207] [398, 215]
6 [498, 170] [472, 178]
7 [590, 148] [570, 151]
8 [399, 148] [371, 159]

136
1 [420, 304] [364, 318]
2 [545, 244] [498, 261]
3 [621, 204] [594, 218]
4 [528, 204] [490, 212]
5 [433, 206] [392, 215]
6 [504, 170] [471, 178]
7 [589, 146] [562, 152]
8 [403, 145] [369, 158]

137
1 [408, 303] [361, 318]
2 [536, 244] [499, 258]
3 [627, 203] [596, 217]
4 [526, 203] [487, 212]
5 [427, 208] [393, 216]
6 [498, 170] [468, 176]
7 [592, 148] [564, 151]
8 [404, 149] [370, 156]

138
1 [406, 300] [363, 319]
2 [536, 245] [499, 259]
3 [617, 204] [592, 218]
4 [521, 204] [489, 212]
5 [429, 208] [395, 216]
6 [495, 172] [468, 179]
7 [587, 146] [561, 154]
8 [399, 147] [369, 156]

139
1 [417, 300] [360, 320]
2 [532, 244] [497, 261]
3 [616, 203] [592, 218]
4 [528, 203] [487, 214]
5 [430, 204] [392, 217]
6 [492, 172] [465, 181]
7 [584, 144] [565, 153]
8 [398, 148] [369, 158]

140
1 [401, 307] [357, 322]
2 [532, 244] [496, 262]
3 [620, 204] [594, 219]
4 [515, 205] [486, 216]
5 [426, 206] [389, 218]
6 [498, 171] [471, 178]
7 [584, 148] [561, 153]
8 [395, 148] [369, 157]

141
1 [409, 302] [359, 321]
2 [527, 245] [495, 259]
3 [620, 203] [592, 218]
4 [524, 203] [485, 217]
5 [428, 208] [388, 219]
6 [499, 170] [469, 178]
7 [586, 147] [558, 155]
8 [400, 146] [370, 156]

142
1 [394, 306] [356, 322]
2 [537, 243] [495, 261]
3 [617, 204] [594, 220]
4 [520, 204] [485, 218]
5 [426, 208] [389, 219]
6 [492, 169] [467, 182]
7 [582, 146] [559, 155]
8 [396, 149] [365, 158]

143
1 [404, 304] [356, 322]
2 [532, 243] [493, 263]
3 [619, 204] [593, 216]
4 [522, 202] [483, 218]
5 [425, 207] [392, 220]
6 [492, 172] [463, 182]
7 [579, 146] [555, 153]
8 [402, 148] [368, 158]

144
1 [395, 307] [352, 322]
2 [524, 247] [492, 262]
3 [620, 204] [592, 218]
4 [514, 202] [481, 218]
5 [428, 205] [387, 219]
6 [489, 171] [459, 181]
7 [580, 145] [556, 154]
8 [397, 147] [371, 156]

145
1 [387, 308] [354, 323]
2 [530, 246] [496, 261]
3 [617, 204] [591, 218]
4 [521, 205] [482, 218]
5 [429, 205] [384, 219]
6 [486, 174] [458, 184]
7 [577, 148] [560, 154]
8 [399, 148] [371, 157]

146
1 [384, 311] [350, 325]
2 [524, 245] [488, 264]
3 [615, 207] [588, 220]
4 [521, 203] [483, 216]
5 [429, 206] [387, 217]
6 [489, 172] [460, 182]
7 [581, 145] [556, 157]
8 [401, 147] [366, 157]

147
1 [395, 306] [350, 323]
2 [529, 244] [493, 262]
3 [616, 208] [587, 221]
4 [523, 202] [485, 216]
5 [426, 204] [386, 219]
6 [493, 169] [458, 184]
7 [580, 144] [558, 152]
8 [395, 148] [364, 158]

148
1 [392, 310] [349, 326]
2 [525, 244] [490, 263]
3 [612, 209] [583, 221]
4 [513, 205] [479, 219]
5 [421, 207] [383, 218]
6 [486, 173] [457, 182]
7 [577, 143] [558, 153]
8 [398, 149] [367, 159]

149
1 [394, 307] [349, 325]
2 [520, 244] [489, 265]
3 [608, 209] [584, 221]
4 [515, 205] [480, 219]
5 [424, 206] [380, 222]
6 [489, 171] [457, 184]
7 [577, 148] [556, 155]
8 [394, 148] [368, 158]

150
1 [394, 307] [347, 326]
2 [518, 245] [485, 264]
3 [612, 207] [585, 222]
4 [512, 206] [473, 220]
5 [421, 208] [381, 221]
6 [481, 174] [455, 183]
7 [574, 143] [553, 155]
8 [393, 150] [363, 160]

151
1 [387, 306] [345, 326]
2 [525, 245] [487, 262]
3 [608, 206] [582, 223]
4 [512, 206] [476, 220]
5 [419, 208] [380, 220]
6 [481, 173] [453, 183]
7 [574, 143] [555, 154]
8 [396, 149] [361, 158]

152
1 [388, 309] [344, 327]
2 [527, 243] [486, 263]
3 [607, 207] [581, 222]
4 [510, 206] [472, 221]
5 [415, 205] [376, 222]
6 [484, 171] [455, 183]
7 [576, 146] [559, 155]
8 [392, 151] [370, 158]

153
1 [393, 307] [343, 327]
2 [521, 245] [485, 265]
3 [606, 210] [578, 224]
4 [507, 205] [469, 221]
5 [417, 207] [379, 220]
6 [490, 170] [455, 183]
7 [580, 142] [559, 156]
8 [396, 149] [365, 159]

154
1 [393, 307] [339, 330]
2 [524, 245] [482, 264]
3 [606, 207] [579, 222]
4 [511, 205] [469, 222]
5 [425, 208] [373, 222]
6 [489, 171] [448, 187]
7 [580, 145] [558, 157]
8 [397, 149] [353, 161]

155
1 [396, 305] [339, 327]
2 [527, 244] [482, 265]
3 [607, 207] [577, 223]
4 [507, 208] [466, 223]
5 [419, 209] [371, 221]
6 [486, 169] [449, 186]
7 [577, 146] [559, 156]
8 [395, 148] [353, 159]

156
1 [390, 306] [338, 328]
2 [517, 248] [480, 265]
3 [605, 209] [576, 224]
4 [507, 204] [465, 222]
5 [416, 208] [370, 222]
6 [483, 172] [450, 184]
7 [575, 146] [552, 157]
8 [392, 150] [353, 160]

157
1 [382, 307] [337, 328]
2 [517, 248] [481, 266]
3 [603, 209] [576, 224]
4 [496, 209] [463, 224]
5 [420, 207] [372, 222]
6 [482, 172] [452, 183]
7 [573, 146] [552, 157]
8 [391, 148] [351, 160]

158
1 [397, 303] [333, 331]
2 [517, 248] [481, 267]
3 [606, 209] [573, 224]
4 [499, 208] [466, 225]
5 [410, 209] [369, 222]
6 [478, 171] [448, 184]
7 [578, 144] [548, 158]
8 [389, 152] [349, 160]

159
1 [387, 304] [334, 328]
2 [518, 246] [480, 266]
3 [608, 207] [575, 224]
4 [499, 207] [460, 226]
5 [407, 209] [369, 222]
6 [481, 172] [446, 185]
7 [573, 150] [548, 158]
8 [396, 147] [352, 161]

160
1 [379, 308] [332, 332]
2 [511, 252] [474, 270]
3 [601, 210] [572, 227]
4 [501, 208] [460, 226]
5 [410, 207] [368, 223]
6 [386, 149] [349, 161]
7 [477, 172] [446, 186]
8 [568, 148] [546, 159]

161
1 [384, 310] [331, 331]
2 [511, 249] [476, 267]
3 [496, 208] [459, 225]
4 [608, 211] [573, 227]
5 [407, 209] [366, 223]
6 [473, 173] [443, 189]
7 [570, 150] [545, 158]
8 [390, 149] [352, 162]

162
1 [387, 307] [333, 330]
2 [508, 252] [475, 267]
3 [639, 322] [631, 330]
4 [609, 209] [570, 226]
5 [497, 208] [459, 226]
6 [478, 173] [446, 185]
7 [409, 209] [367, 226]
8 [391, 151] [350, 163]
9 [570, 149] [545, 158]

163
1 [382, 309] [329, 330]
2 [517, 248] [473, 268]
3 [639, 323] [628, 333]
4 [607, 209] [571, 226]
5 [570, 148] [542, 160]
6 [476, 174] [441, 188]
7 [497, 209] [461, 224]
8 [409, 207] [365, 225]
9 [391, 148] [350, 160]

164
1 [394, 305] [331, 330]
2 [511, 251] [470, 269]
3 [638, 324] [627, 332]
4 [603, 209] [568, 227]
5 [491, 209] [459, 225]
6 [407, 211] [365, 225]
7 [379, 153] [347, 161]
8 [477, 171] [441, 186]
9 [567, 149] [546, 159]

165
1 [389, 307] [328, 332]
2 [510, 252] [471, 268]
3 [638, 322] [630, 331]
4 [608, 210] [569, 227]
5 [504, 205] [459, 224]
6 [408, 207] [360, 224]
7 [481, 171] [439, 186]
8 [570, 148] [542, 159]
9 [390, 147] [345, 162]

166
1 [391, 305] [326, 332]
2 [513, 253] [467, 268]
3 [637, 321] [623, 337]
4 [608, 210] [569, 227]
5 [495, 206] [454, 228]
6 [476, 173] [445, 187]
7 [402, 211] [364, 227]
8 [385, 148] [343, 162]
9 [570, 150] [544, 158]

167
1 [387, 311] [323, 334]
2 [514, 250] [468, 270]
3 [603, 210] [565, 227]
4 [636, 324] [625, 333]
5 [570, 149] [540, 157]
6 [498, 209] [452, 226]
7 [480, 171] [439, 187]
8 [408, 208] [363, 226]
9 [378, 155] [341, 164]

168
1 [383, 307] [325, 331]
2 [504, 251] [468, 272]
3 [638, 325] [622, 338]
4 [604, 213] [565, 225]
5 [493, 209] [455, 224]
6 [402, 211] [359, 227]
7 [474, 174] [440, 186]
8 [571, 148] [543, 157]
9 [376, 155] [342, 162]

169
1 [373, 311] [321, 334]
2 [496, 259] [465, 272]
3 [638, 325] [622, 335]
4 [602, 212] [564, 227]
5 [496, 210] [454, 226]
6 [403, 212] [358, 227]
7 [475, 173] [440, 187]
8 [571, 149] [542, 157]
9 [375, 154] [339, 163]

170
1 [369, 314] [319, 337]
2 [495, 254] [465, 272]
3 [635, 323] [622, 335]
4 [597, 218] [566, 226]
5 [568, 149] [540, 157]
6 [492, 212] [452, 227]
7 [473, 174] [440, 187]
8 [402, 211] [358, 226]
9 [375, 154] [338, 163]

171
1 [370, 314] [320, 333]
2 [498, 259] [464, 275]
3 [637, 324] [621, 336]
4 [601, 213] [564, 227]
5 [571, 150] [540, 158]
6 [489, 210] [449, 226]
7 [473, 174] [437, 188]
8 [396, 215] [356, 228]
9 [373, 154] [338, 162]

172
1 [378, 310] [316, 333]
2 [638, 323] [621, 334]
3 [511, 250] [464, 271]
4 [601, 214] [564, 228]
5 [487, 214] [447, 233]
6 [402, 210] [355, 226]
7 [469, 178] [435, 189]
8 [571, 149] [544, 159]
9 [378, 151] [339, 163]

173
1 [372, 315] [320, 335]
2 [637, 326] [619, 335]
3 [504, 254] [463, 273]
4 [600, 213] [565, 226]
5 [486, 216] [445, 234]
6 [568, 148] [540, 156]
7 [468, 177] [433, 190]
8 [393, 213] [354, 224]
9 [374, 150] [342, 162]

174
1 [389, 305] [318, 333]
2 [499, 255] [465, 271]
3 [637, 324] [617, 337]
4 [601, 212] [561, 226]
5 [494, 209] [446, 232]
6 [406, 208] [353, 227]
7 [473, 174] [432, 192]
8 [566, 147] [542, 156]
9 [378, 154] [339, 166]

175
1 [388, 306] [314, 337]
2 [498, 258] [463, 272]
3 [638, 322] [618, 336]
4 [598, 213] [562, 227]
5 [567, 150] [539, 158]
6 [473, 173] [433, 188]
7 [404, 210] [354, 227]
8 [376, 154] [337, 163]

176
1 [368, 312] [315, 334]
2 [493, 255] [462, 274]
3 [636, 325] [617, 337]
4 [596, 215] [561, 232]
5 [569, 150] [543, 158]
6 [486, 214] [447, 230]
7 [467, 176] [430, 191]
8 [400, 209] [353, 226]
9 [373, 154] [336, 163]

177
1 [381, 309] [312, 337]
2 [492, 258] [462, 273]
3 [636, 325] [616, 337]
4 [598, 215] [564, 227]
5 [568, 148] [540, 157]
6 [468, 176] [432, 190]
7 [395, 214] [351, 226]
8 [376, 154] [337, 165]

178
1 [370, 315] [311, 338]
2 [494, 258] [458, 276]
3 [635, 326] [615, 339]
4 [600, 215] [560, 229]
5 [564, 153] [540, 160]
6 [461, 178] [427, 191]
7 [394, 215] [350, 230]
8 [371, 153] [338, 165]
9 [484, 217] [447, 228]

179
1 [367, 316] [310, 339]
2 [487, 261] [456, 276]
3 [634, 325] [614, 339]
4 [593, 217] [559, 229]
5 [486, 215] [445, 230]
6 [395, 215] [350, 226]
7 [468, 177] [435, 190]
8 [571, 150] [543, 157]
9 [376, 154] [340, 163]

180
1 [361, 319] [307, 341]
2 [487, 261] [456, 275]
3 [633, 324] [614, 339]
4 [603, 208] [560, 232]
5 [566, 150] [543, 157]
6 [485, 213] [448, 230]
7 [398, 215] [350, 226]
8 [466, 176] [429, 192]
9 [376, 154] [344, 165]

181
1 [351, 321] [307, 343]
2 [490, 259] [456, 277]
3 [635, 323] [614, 341]
4 [596, 215] [557, 233]
5 [557, 152] [530, 161]
6 [476, 217] [444, 230]
7 [466, 174] [432, 189]
8 [388, 217] [349, 232]
9 [370, 156] [333, 162]

182
1 [360, 318] [309, 340]
2 [490, 261] [455, 278]
3 [634, 326] [611, 343]
4 [597, 214] [556, 232]
5 [478, 217] [444, 231]
6 [395, 216] [349, 230]
7 [458, 182] [427, 189]
8 [557, 151] [530, 164]
9 [365, 157] [329, 168]

183
1 [346, 326] [308, 343]
2 [486, 261] [455, 276]
3 [634, 328] [614, 342]
4 [587, 222] [553, 235]
5 [555, 154] [528, 164]
6 [477, 218] [443, 230]
7 [461, 180] [428, 192]
8 [392, 214] [349, 227]
9 [364, 156] [329, 167]

184
1 [342, 326] [306, 342]
2 [486, 261] [452, 279]
3 [632, 326] [613, 344]
4 [603, 211] [556, 233]
5 [473, 218] [440, 232]
6 [557, 152] [532, 164]
7 [460, 179] [422, 192]
8 [390, 218] [346, 230]
9 [361, 157] [330, 165]

185
1 [345, 326] [306, 344]
2 [634, 327] [612, 346]
3 [485, 262] [453, 279]
4 [597, 216] [557, 233]
5 [475, 219] [441, 231]
6 [461, 175] [431, 189]
7 [388, 215] [349, 230]
8 [365, 157] [328, 166]
9 [568, 150] [530, 166]

186
1 [345, 324] [304, 343]
2 [480, 262] [454, 281]
3 [635, 325] [611, 345]
4 [591, 218] [551, 239]
5 [561, 149] [533, 163]
6 [474, 220] [442, 233]
7 [456, 180] [421, 195]
8 [391, 215] [347, 229]
9 [362, 156] [328, 167]

187
1 [343, 324] [304, 344]
2 [484, 262] [456, 280]
3 [633, 326] [611, 349]
4 [589, 217] [554, 235]
5 [468, 219] [437, 235]
6 [557, 150] [535, 162]
7 [458, 181] [426, 192]
8 [388, 218] [348, 229]
9 [367, 155] [329, 165]

188
1 [344, 326] [301, 344]
2 [635, 326] [609, 349]
3 [586, 216] [551, 237]
4 [487, 262] [452, 283]
5 [468, 218] [438, 235]
6 [556, 149] [530, 163]
7 [451, 182] [422, 195]
8 [385, 218] [342, 235]
9 [360, 157] [329, 168]

189
1 [345, 326] [300, 347]
2 [631, 324] [609, 350]
3 [487, 261] [452, 283]
4 [584, 216] [550, 238]
5 [474, 217] [439, 237]
6 [457, 180] [421, 198]
7 [554, 147] [530, 164]
8 [384, 218] [342, 235]
9 [367, 156] [327, 169]

190
1 [346, 324] [299, 349]
2 [480, 264] [454, 280]
3 [631, 330] [607, 355]
4 [585, 219] [551, 239]
5 [553, 153] [531, 164]
6 [468, 220] [439, 236]
7 [457, 179] [424, 195]
8 [388, 218] [343, 236]
9 [356, 157] [329, 169]

191
1 [346, 323] [301, 346]
2 [484, 261] [453, 280]
3 [632, 327] [609, 353]
4 [582, 218] [551, 240]
5 [474, 219] [440, 236]
6 [454, 181] [423, 194]
7 [385, 218] [341, 236]
8 [359, 157] [328, 170]
9 [558, 153] [531, 165]

192
1 [343, 325] [300, 349]
2 [481, 264] [452, 283]
3 [623, 329] [609, 359]
4 [576, 221] [552, 241]
5 [469, 220] [439, 239]
6 [457, 180] [422, 194]
7 [379, 221] [341, 236]
8 [359, 157] [330, 167]
9 [556, 150] [533, 162]

193
1 [350, 324] [299, 351]
2 [477, 263] [454, 282]
3 [631, 329] [608, 355]
4 [578, 223] [552, 239]
5 [471, 222] [439, 238]
6 [452, 183] [422, 195]
7 [374, 221] [342, 238]
8 [553, 152] [534, 164]
9 [357, 159] [326, 169]

194
1 [337, 330] [296, 354]
2 [623, 331] [609, 359]
3 [481, 263] [450, 286]
4 [576, 223] [548, 244]
5 [464, 221] [436, 242]
6 [450, 183] [418, 196]
7 [378, 220] [341, 238]
8 [555, 149] [532, 163]
9 [357, 159] [326, 170]

195
1 [338, 326] [297, 352]
2 [626, 332] [607, 359]
3 [480, 263] [452, 284]
4 [574, 222] [551, 241]
5 [465, 220] [436, 239]
6 [446, 184] [420, 198]
7 [377, 219] [340, 239]
8 [358, 160] [325, 171]
9 [553, 153] [530, 165]

196
1 [326, 330] [291, 357]
2 [479, 265] [449, 286]
3 [463, 220] [433, 243]
4 [379, 221] [335, 243]
5 [445, 183] [419, 198]
6 [352, 160] [320, 173]
7 [551, 152] [531, 165]
8 [579, 218] [549, 243]
9 [629, 330] [607, 363]

197
1 [331, 331] [292, 357]
2 [629, 332] [605, 362]
3 [477, 266] [448, 289]
4 [574, 220] [549, 243]
5 [469, 220] [436, 240]
6 [374, 223] [335, 243]
7 [445, 185] [418, 196]
8 [555, 152] [530, 163]
9 [354, 159] [318, 174]

198
1 [333, 329] [288, 359]
2 [480, 263] [447, 286]
3 [632, 329] [606, 363]
4 [578, 221] [548, 244]
5 [463, 223] [435, 243]
6 [451, 184] [419, 197]
7 [370, 221] [333, 246]
8 [550, 155] [528, 165]
9 [356, 162] [322, 171]

199
1 [336, 327] [290, 359]
2 [476, 265] [448, 286]
3 [628, 333] [606, 365]
4 [572, 220] [544, 246]
5 [468, 218] [434, 243]
6 [443, 187] [416, 197]
7 [368, 223] [330, 246]
8 [545, 155] [526, 168]
9 [353, 162] [316, 176]

200
1 [324, 334] [286, 363]
2 [474, 268] [447, 288]
3 [627, 332] [605, 369]
4 [572, 224] [545, 246]
5 [461, 219] [433, 246]
6 [439, 186] [415, 200]
7 [367, 223] [329, 247]
8 [552, 151] [530, 165]
9 [354, 160] [318, 174]

201
1 [329, 333] [286, 363]
2 [475, 267] [447, 288]
3 [626, 332] [604, 367]
4 [573, 223] [546, 248]
5 [463, 219] [432, 246]
6 [443, 185] [418, 197]
7 [377, 219] [332, 245]
8 [555, 151] [530, 166]
9 [348, 161] [316, 176]

202
1 [321, 333] [286, 364]
2 [474, 266] [447, 287]
3 [624, 331] [603, 368]
4 [574, 222] [544, 249]
5 [556, 151] [527, 167]
6 [462, 222] [432, 243]
7 [448, 183] [416, 200]
8 [372, 222] [330, 246]
9 [347, 161] [314, 177]

203
1 [320, 334] [283, 366]
2 [475, 268] [448, 288]
3 [625, 333] [606, 367]
4 [569, 226] [544, 250]
5 [458, 224] [430, 247]
6 [551, 153] [526, 169]
7 [440, 187] [414, 200]
8 [366, 223] [331, 246]
9 [349, 161] [313, 177]

204
1 [324, 332] [284, 367]
2 [627, 333] [604, 369]
3 [478, 269] [445, 293]
4 [572, 220] [546, 247]
5 [461, 224] [433, 246]
6 [551, 156] [524, 171]
7 [441, 186] [415, 201]
8 [371, 222] [328, 247]
9 [354, 159] [320, 174]

205
1 [327, 331] [283, 370]
2 [621, 337] [602, 372]
3 [474, 269] [443, 296]
4 [573, 222] [547, 248]
5 [463, 224] [431, 248]
6 [553, 149] [522, 170]
7 [437, 184] [414, 201]
8 [366, 224] [329, 248]
9 [350, 160] [312, 181]

206
1 [322, 334] [282, 368]
2 [623, 338] [603, 374]
3 [472, 268] [446, 291]
4 [567, 223] [543, 248]
5 [458, 226] [429, 249]
6 [551, 154] [525, 169]
7 [439, 188] [414, 201]
8 [362, 224] [326, 249]
9 [342, 161] [312, 177]

207
1 [324, 332] [279, 373]
2 [471, 268] [445, 294]
3 [623, 336] [602, 374]
4 [565, 225] [542, 249]
5 [465, 221] [428, 247]
6 [550, 152] [523, 173]
7 [440, 185] [412, 204]
8 [358, 228] [327, 250]
9 [349, 160] [314, 177]

208
1 [326, 333] [279, 371]
2 [621, 336] [602, 373]
3 [474, 270] [442, 296]
4 [568, 222] [543, 250]
5 [461, 221] [430, 248]
6 [543, 157] [523, 173]
7 [437, 188] [410, 207]
8 [359, 226] [326, 249]
9 [348, 159] [312, 180]

209
1 [327, 334] [279, 372]
2 [471, 268] [445, 295]
3 [622, 334] [601, 373]
4 [564, 227] [542, 254]
5 [549, 155] [521, 172]
6 [434, 189] [399, 216]
7 [458, 223] [427, 250]
8 [368, 222] [326, 248]
9 [350, 163] [313, 180]

210
1 [319, 335] [280, 371]
2 [467, 270] [443, 299]
3 [619, 334] [600, 376]
4 [565, 226] [541, 253]
5 [545, 156] [521, 174]
6 [461, 221] [427, 248]
7 [429, 189] [406, 207]
8 [362, 225] [324, 251]
9 [342, 164] [308, 183]

211
1 [321, 335] [276, 375]
2 [465, 273] [444, 295]
3 [618, 335] [599, 376]
4 [562, 227] [542, 253]
5 [544, 157] [522, 175]
6 [460, 224] [426, 253]
7 [439, 186] [409, 207]
8 [365, 223] [321, 252]
9 [349, 161] [308, 182]

212
1 [322, 332] [277, 374]
2 [471, 268] [441, 298]
3 [620, 336] [601, 379]
4 [567, 227] [542, 254]
5 [465, 222] [426, 255]
6 [543, 156] [523, 173]
7 [436, 187] [406, 211]
8 [364, 225] [324, 252]
9 [350, 158] [311, 180]

213
1 [326, 332] [275, 377]
2 [465, 271] [440, 305]
3 [621, 337] [601, 377]
4 [565, 225] [541, 252]
5 [542, 157] [520, 174]
6 [453, 228] [424, 253]
7 [434, 187] [405, 211]
8 [360, 226] [321, 253]
9 [343, 163] [308, 182]

214
1 [322, 331] [274, 376]
2 [622, 333] [599, 379]
3 [564, 227] [541, 255]
4 [470, 267] [437, 303]
5 [452, 226] [423, 254]
6 [544, 154] [520, 175]
7 [434, 189] [404, 210]
8 [357, 227] [322, 251]
9 [343, 162] [307, 182]

215
1 [315, 337] [273, 378]
2 [622, 334] [600, 380]
3 [468, 270] [437, 304]
4 [564, 228] [541, 254]
5 [454, 226] [423, 254]
6 [537, 157] [519, 176]
7 [428, 190] [405, 212]
8 [361, 227] [321, 253]
9 [344, 161] [306, 183]

216
1 [312, 343] [272, 381]
2 [464, 273] [435, 305]
3 [619, 338] [600, 383]
4 [561, 230] [539, 254]
5 [539, 157] [518, 176]
6 [458, 226] [423, 258]
7 [436, 185] [405, 209]
8 [361, 225] [321, 255]
9 [336, 162] [304, 184]

217
1 [310, 340] [271, 379]
2 [613, 352] [599, 386]
3 [559, 228] [539, 259]
4 [463, 273] [433, 307]
5 [455, 225] [422, 258]
6 [539, 157] [519, 178]
7 [435, 187] [404, 210]
8 [353, 226] [320, 255]
9 [335, 165] [305, 183]

218
1 [305, 346] [269, 383]
2 [615, 345] [599, 385]
3 [459, 273] [434, 305]
4 [558, 226] [537, 259]
5 [538, 156] [517, 178]
6 [450, 230] [421, 260]
7 [432, 189] [405, 210]
8 [353, 230] [319, 255]
9 [338, 164] [304, 185]

219
1 [314, 336] [270, 379]
2 [457, 276] [432, 305]
3 [557, 230] [538, 259]
4 [617, 339] [598, 384]
5 [537, 157] [517, 180]
6 [446, 232] [421, 257]
7 [427, 192] [401, 215]
8 [357, 225] [320, 253]
9 [331, 167] [302, 183]

220
1 [311, 342] [271, 381]
2 [456, 278] [434, 308]
3 [615, 346] [598, 384]
4 [558, 232] [537, 259]
5 [537, 158] [519, 179]
6 [447, 234] [420, 260]
7 [430, 189] [399, 217]
8 [351, 230] [320, 256]
9 [328, 167] [299, 187]

221
1 [302, 348] [270, 380]
2 [458, 277] [431, 309]
3 [615, 342] [597, 384]
4 [558, 229] [539, 257]
5 [539, 157] [515, 180]
6 [451, 230] [420, 261]
7 [429, 189] [400, 216]
8 [352, 228] [315, 258]
9 [330, 166] [300, 184]

222
1 [305, 349] [265, 384]
2 [450, 283] [430, 310]
3 [612, 349] [596, 390]
4 [555, 235] [536, 259]
5 [537, 158] [517, 178]
6 [448, 230] [416, 262]
7 [426, 192] [398, 217]
8 [346, 232] [317, 257]
9 [333, 167] [300, 184]

223
1 [300, 350] [263, 386]
2 [455, 279] [431, 308]
3 [614, 347] [594, 392]
4 [556, 231] [536, 260]
5 [533, 160] [516, 181]
6 [442, 234] [417, 261]
7 [431, 188] [401, 215]
8 [350, 230] [315, 258]
9 [333, 165] [302, 184]

224
1 [302, 349] [263, 387]
2 [454, 279] [429, 312]
3 [610, 352] [592, 394]
4 [554, 233] [537, 261]
5 [533, 160] [516, 178]
6 [440, 236] [416, 263]
7 [426, 192] [401, 213]
8 [352, 229] [316, 259]
9 [327, 167] [300, 187]

225
1 [301, 348] [257, 390]
2 [459, 275] [428, 313]
3 [607, 353] [592, 395]
4 [554, 233] [534, 261]
5 [535, 157] [517, 180]
6 [442, 235] [416, 263]
7 [425, 193] [398, 213]
8 [355, 230] [313, 259]
9 [327, 168] [299, 186]

226
1 [291, 360] [257, 391]
2 [607, 357] [591, 397]
3 [556, 232] [534, 264]
4 [456, 276] [426, 315]
5 [444, 232] [415, 262]
6 [535, 161] [514, 182]
7 [426, 194] [394, 217]
8 [354, 225] [313, 261]
9 [338, 163] [299, 185]

227
1 [314, 340] [258, 391]
2 [462, 274] [425, 314]
3 [612, 344] [592, 395]
4 [557, 231] [533, 266]
5 [446, 235] [415, 263]
6 [533, 161] [515, 182]
7 [424, 193] [396, 217]
8 [348, 230] [310, 263]
9 [336, 166] [299, 185]

228
1 [293, 358] [255, 392]
2 [453, 282] [424, 315]
3 [609, 351] [590, 400]
4 [549, 240] [531, 265]
5 [531, 160] [515, 179]
6 [435, 238] [413, 265]
7 [423, 194] [396, 217]
8 [344, 234] [311, 262]
9 [318, 171] [296, 187]

229
1 [290, 361] [255, 395]
2 [456, 277] [424, 314]
3 [608, 356] [589, 402]
4 [555, 235] [530, 266]
5 [534, 159] [512, 181]
6 [440, 232] [412, 267]
7 [425, 191] [397, 216]
8 [345, 234] [308, 262]
9 [326, 167] [296, 188]

230
1 [296, 356] [252, 396]
2 [460, 274] [426, 314]
3 [616, 352] [590, 398]
4 [551, 231] [529, 267]
5 [532, 157] [512, 183]
6 [423, 194] [392, 220]
7 [443, 235] [412, 266]
8 [331, 244] [308, 263]
9 [327, 166] [295, 189]

231
1 [295, 356] [251, 400]
2 [454, 278] [423, 317]
3 [615, 346] [588, 402]
4 [551, 235] [526, 271]
5 [531, 160] [513, 180]
6 [434, 238] [409, 270]
7 [426, 192] [393, 218]
8 [348, 229] [309, 261]
9 [325, 167] [295, 188]

232
1 [306, 344] [250, 396]
2 [456, 279] [421, 317]
3 [612, 352] [586, 403]
4 [551, 240] [528, 273]
5 [530, 160] [511, 185]
6 [436, 239] [412, 269]
7 [418, 196] [394, 219]
8 [342, 233] [305, 267]
9 [328, 168] [296, 189]

233
1 [286, 363] [251, 395]
2 [452, 282] [421, 316]
3 [613, 353] [587, 402]
4 [550, 237] [530, 267]
5 [531, 161] [511, 182]
6 [432, 241] [407, 268]
7 [422, 195] [391, 218]
8 [341, 233] [302, 263]
9 [325, 169] [294, 190]

234
1 [297, 353] [246, 400]
2 [454, 282] [420, 319]
3 [609, 355] [585, 406]
4 [547, 242] [528, 268]
5 [529, 161] [509, 184]
6 [434, 240] [407, 269]
7 [422, 193] [390, 218]
8 [347, 231] [301, 265]
9 [329, 167] [291, 189]

235
1 [289, 360] [245, 401]
2 [610, 356] [584, 405]
3 [551, 236] [526, 270]
4 [453, 282] [419, 321]
5 [430, 243] [405, 269]
6 [528, 162] [510, 184]
7 [417, 195] [388, 223]
8 [347, 229] [301, 266]
9 [318, 171] [292, 190]

236
1 [277, 370] [242, 401]
2 [448, 286] [420, 319]
3 [606, 363] [583, 410]
4 [548, 242] [526, 270]
5 [433, 240] [405, 271]
6 [528, 162] [509, 185]
7 [415, 198] [387, 220]
8 [342, 234] [300, 266]
9 [322, 167] [290, 191]

237
1 [281, 364] [241, 406]
2 [444, 291] [415, 322]
3 [603, 363] [581, 410]
4 [544, 242] [524, 272]
5 [428, 246] [403, 271]
6 [528, 163] [509, 187]
7 [418, 197] [387, 221]
8 [341, 235] [299, 264]
9 [322, 171] [290, 191]

238
1 [291, 358] [240, 405]
2 [447, 289] [415, 322]
3 [609, 356] [581, 410]
4 [544, 242] [524, 272]
5 [529, 163] [511, 186]
6 [433, 239] [404, 270]
7 [420, 192] [387, 221]
8 [344, 231] [300, 265]
9 [319, 173] [293, 191]

239
1 [293, 360] [239, 404]
2 [448, 286] [415, 322]
3 [605, 366] [581, 411]
4 [545, 245] [525, 271]
5 [527, 163] [510, 184]
6 [434, 241] [404, 271]
7 [419, 196] [388, 220]
8 [337, 239] [301, 267]
9 [318, 173] [291, 192]

240
1 [294, 353] [237, 406]
2 [448, 284] [415, 324]
3 [604, 369] [578, 414]
4 [546, 243] [525, 273]
5 [527, 162] [508, 188]
6 [428, 243] [402, 271]
7 [418, 199] [385, 224]
8 [324, 249] [298, 270]
9 [318, 173] [287, 193]

241
1 [273, 375] [234, 409]
2 [442, 296] [414, 325]
3 [603, 373] [580, 413]
4 [541, 248] [520, 277]
5 [524, 167] [507, 187]
6 [428, 247] [402, 269]
7 [415, 197] [388, 223]
8 [322, 249] [293, 273]
9 [312, 178] [287, 192]

242
1 [280, 371] [235, 408]
2 [444, 294] [414, 324]
3 [602, 371] [578, 413]
4 [545, 243] [520, 275]
5 [526, 166] [506, 187]
6 [431, 243] [400, 274]
7 [415, 198] [386, 225]
8 [327, 247] [293, 270]
9 [312, 179] [282, 195]

243
1 [274, 376] [232, 411]
2 [438, 295] [413, 324]
3 [601, 371] [575, 417]
4 [543, 248] [520, 275]
5 [525, 168] [504, 186]
6 [430, 248] [398, 273]
7 [411, 205] [386, 226]
8 [332, 245] [290, 271]
9 [314, 175] [283, 195]

244
1 [277, 374] [230, 415]
2 [598, 375] [575, 418]
3 [542, 249] [519, 277]
4 [443, 290] [409, 330]
5 [426, 250] [398, 276]
6 [525, 166] [504, 189]
7 [406, 206] [381, 227]
8 [332, 244] [291, 274]
9 [313, 178] [285, 195]

245
1 [276, 371] [229, 411]
2 [598, 377] [575, 418]
3 [544, 248] [519, 277]
4 [441, 295] [409, 331]
5 [425, 249] [395, 275]
6 [524, 169] [505, 187]
7 [408, 204] [382, 228]
8 [329, 244] [289, 275]
9 [312, 176] [281, 195]

246
1 [272, 379] [227, 413]
2 [440, 297] [408, 328]
3 [603, 373] [574, 418]
4 [542, 249] [519, 279]
5 [525, 168] [503, 189]
6 [429, 249] [395, 275]
7 [405, 205] [379, 227]
8 [320, 254] [289, 273]
9 [308, 181] [282, 195]

247
1 [265, 384] [226, 413]
2 [437, 297] [408, 330]
3 [599, 375] [572, 420]
4 [541, 248] [516, 278]
5 [527, 163] [503, 190]
6 [425, 249] [392, 276]
7 [408, 204] [379, 226]
8 [317, 256] [289, 274]
9 [309, 178] [284, 193]

248
1 [264, 385] [224, 418]
2 [439, 296] [407, 330]
3 [597, 379] [572, 421]
4 [541, 254] [517, 279]
5 [524, 165] [503, 190]
6 [428, 246] [395, 276]
7 [408, 204] [379, 226]
8 [323, 251] [285, 277]
9 [313, 177] [285, 196]

249
1 [268, 380] [223, 414]
2 [600, 371] [570, 421]
3 [543, 249] [515, 282]
4 [447, 289] [403, 333]
5 [427, 250] [394, 279]
6 [525, 167] [502, 190]
7 [408, 207] [380, 226]
8 [332, 242] [288, 273]
9 [314, 175] [287, 195]

250
1 [266, 384] [226, 417]
2 [597, 383] [569, 426]
3 [442, 296] [404, 331]
4 [537, 255] [516, 281]
5 [523, 171] [500, 192]
6 [418, 258] [393, 278]
7 [408, 205] [378, 228]
8 [325, 249] [284, 275]
9 [311, 180] [283, 197]

251
1 [271, 381] [220, 419]
2 [434, 302] [402, 335]
3 [537, 256] [515, 279]
4 [602, 373] [570, 426]
5 [521, 170] [498, 191]
6 [423, 250] [392, 280]
7 [406, 207] [374, 230]
8 [315, 256] [281, 279]
9 [309, 178] [281, 194]

252
1 [262, 389] [224, 415]
2 [598, 387] [569, 425]
3 [535, 262] [515, 282]
4 [432, 305] [400, 337]
5 [417, 259] [390, 281]
6 [521, 173] [500, 188]
7 [405, 209] [375, 230]
8 [310, 259] [279, 280]
9 [303, 184] [280, 199]

253
1 [267, 386] [218, 421]
2 [595, 392] [569, 427]
3 [433, 304] [399, 337]
4 [535, 258] [511, 286]
5 [424, 255] [389, 283]
6 [524, 167] [497, 196]
7 [402, 210] [372, 230]
8 [317, 253] [280, 276]
9 [310, 179] [278, 198]

254
1 [271, 381] [216, 422]
2 [434, 303] [398, 336]
3 [595, 385] [568, 427]
4 [543, 255] [514, 281]
5 [522, 170] [500, 193]
6 [428, 254] [390, 283]
7 [403, 207] [372, 230]
8 [329, 244] [280, 279]
9 [302, 185] [273, 201]

255
1 [279, 370] [214, 422]
2 [432, 301] [398, 339]
3 [599, 380] [567, 430]
4 [535, 259] [510, 287]
5 [525, 171] [498, 192]
6 [423, 254] [387, 283]
7 [403, 208] [371, 232]
8 [312, 259] [277, 282]
9 [308, 182] [273, 202]

256
1 [261, 388] [210, 427]
2 [594, 384] [566, 429]
3 [541, 254] [512, 285]
4 [438, 299] [394, 340]
5 [418, 258] [386, 284]
6 [402, 211] [370, 232]
7 [323, 251] [276, 282]
8 [305, 182] [268, 201]
9 [517, 176] [496, 198]

257
1 [266, 383] [210, 426]
2 [427, 310] [397, 342]
3 [530, 264] [508, 287]
4 [421, 259] [383, 285]
5 [520, 176] [494, 199]
6 [401, 213] [372, 231]
7 [325, 252] [279, 281]
8 [312, 178] [272, 201]

258
1 [280, 368] [208, 428]
2 [440, 296] [394, 347]
3 [538, 257] [509, 285]
4 [521, 172] [498, 197]
5 [424, 250] [386, 284]
6 [403, 209] [373, 230]
7 [325, 248] [280, 279]
8 [309, 180] [273, 201]

259