1
1 [109, 714] [492, 507]

2
1 [111, 714] [492, 509]

3
1 [109, 713] [492, 507]

4
1 [110, 714] [493, 508]

5
1 [112, 714] [491, 508]

6
1 [110, 714] [492, 508]

7
1 [111, 714] [493, 507]

8
1 [112, 714] [493, 509]

9
1 [112, 714] [493, 509]

10
1 [118, 714] [495, 508]

11
1 [120, 713] [493, 508]

12
1 [119, 713] [493, 507]

13
1 [124, 714] [495, 509]

14
1 [124, 714] [495, 509]

15
1 [124, 713] [496, 510]

16
1 [130, 714] [497, 509]

17
1 [132, 714] [497, 509]

18
1 [132, 714] [498, 510]

19
1 [141, 714] [499, 510]

20
1 [142, 714] [499, 510]

21
1 [142, 713] [499, 510]

22
1 [152, 713] [500, 513]

23
1 [153, 714] [500, 514]

24
1 [152, 714] [499, 510]

25
1 [158, 714] [498, 512]

26
1 [157, 714] [500, 513]

27
1 [157, 714] [500, 510]

28
1 [166, 713] [501, 513]

29
1 [167, 714] [501, 515]

30
1 [166, 714] [501, 513]

31
1 [175, 714] [502, 513]

32
1 [175, 714] [500, 516]

33
1 [176, 713] [502, 515]

34
1 [183, 713] [502, 516]

35
1 [184, 713] [502, 517]

36
1 [185, 713] [502, 518]

37
1 [195, 714] [507, 521]

38
1 [196, 714] [506, 520]

39
1 [195, 714] [507, 519]

40
1 [206, 714] [509, 525]

41
1 [205, 714] [507, 526]

42
1 [205, 714] [506, 523]

43
1 [220, 714] [509, 529]

44
1 [220, 713] [508, 527]

45
1 [221, 714] [508, 527]

46
1 [237, 714] [508, 534]

47
1 [238, 712] [509, 533]

48
1 [238, 714] [510, 535]

49
1 [255, 714] [512, 537]

50
1 [256, 714] [512, 537]

51
1 [256, 713] [512, 540]

52
1 [268, 714] [508, 541]

53
1 [269, 714] [508, 541]

54
1 [269, 714] [508, 542]

55
1 [276, 714] [505, 546]

56
1 [276, 714] [506, 548]

57
1 [277, 714] [506, 546]

58
1 [286, 714] [502, 552]

59
1 [287, 714] [504, 552]

60
1 [288, 714] [504, 551]

61
1 [301, 714] [502, 558]

62
1 [302, 713] [502, 556]

63
1 [302, 714] [502, 558]

64
1 [312, 714] [497, 563]

65
1 [312, 714] [496, 563]

66
1 [313, 714] [492, 561]

67
1 [309, 714] [489, 569]

68
1 [309, 713] [490, 569]

69
1 [310, 713] [488, 567]

70
1 [317, 714] [488, 573]

71
1 [315, 714] [487, 575]

72
1 [315, 714] [487, 574]

73
1 [313, 714] [481, 583]

74
1 [312, 714] [480, 582]

75
1 [313, 714] [480, 581]

76
1 [321, 714] [475, 590]

77
1 [321, 713] [476, 586]

78
1 [321, 714] [476, 588]

79
1 [330, 714] [475, 594]

80
1 [330, 714] [475, 593]

81
1 [330, 713] [474, 594]

82
1 [343, 714] [468, 602]

83
1 [344, 714] [469, 601]

84
1 [343, 714] [469, 601]

85
1 [345, 714] [465, 608]

86
1 [346, 714] [465, 608]

87
1 [345, 714] [464, 607]

88
1 [359, 714] [463, 617]

89
1 [359, 713] [461, 618]

90
1 [359, 714] [461, 615]

91
1 [376, 714] [460, 624]

92
1 [376, 714] [461, 623]

93
1 [376, 714] [461, 623]

94
1 [384, 714] [455, 631]

95
1 [385, 714] [456, 629]

96
1 [384, 714] [455, 632]

97
1 [383, 714] [455, 638]

98
1 [383, 714] [456, 639]

99
1 [383, 713] [456, 639]

100
1 [387, 714] [453, 646]

101
1 [386, 713] [452, 645]

102
1 [385, 714] [453, 646]

103
1 [395, 714] [453, 655]

104
1 [395, 714] [452, 655]

105
1 [394, 713] [452, 657]

106
1 [394, 714] [451, 667]

107
1 [393, 713] [448, 665]

108
1 [394, 713] [448, 668]

109
1 [402, 714] [444, 673]

110
1 [403, 714] [445, 674]

111
1 [402, 714] [445, 674]

112
1 [416, 714] [444, 684]

113
1 [416, 714] [445, 684]

114
1 [415, 714] [445, 683]

115
1 [425, 714] [443, 693]

116
1 [424, 714] [442, 694]

117
1 [426, 714] [443, 694]

118
1 [435, 714] [442, 703]

119
1 [436, 713] [441, 702]

120
1 [435, 714] [442, 703]

121

122