1
1 [724, 362] [651, 397]

2
1 [721, 360] [648, 399]

3
1 [720, 361] [646, 398]

4
1 [720, 366] [649, 402]

5
1 [720, 368] [647, 404]

6
1 [717, 366] [644, 403]

7
1 [714, 368] [644, 402]

8
1 [710, 370] [647, 402]

9
1 [715, 370] [648, 402]

10
1 [708, 375] [641, 406]

11
1 [708, 373] [642, 406]

12
1 [709, 373] [642, 407]

13
1 [714, 371] [641, 412]

14
1 [710, 376] [638, 411]

15
1 [708, 374] [645, 413]

16
1 [706, 380] [644, 416]

17
1 [694, 387] [640, 416]

18
1 [704, 380] [642, 416]

19
1 [701, 389] [635, 423]

20
1 [702, 382] [635, 421]

21
1 [706, 382] [635, 419]

22
1 [708, 385] [631, 427]

23
1 [704, 387] [633, 427]

24
1 [702, 383] [629, 426]

25
1 [704, 389] [628, 430]

26
1 [702, 390] [627, 430]

27
1 [701, 391] [629, 431]

28
1 [704, 394] [624, 435]

29
1 [700, 393] [625, 436]

30
1 [697, 393] [624, 436]

31
1 [697, 399] [620, 440]

32
1 [691, 397] [620, 440]

33
1 [690, 398] [619, 440]

34
1 [688, 402] [616, 449]

35
1 [704, 392] [619, 448]

36
1 [700, 394] [618, 447]

37
1 [690, 401] [609, 453]

38
1 [687, 401] [609, 453]

39
1 [692, 401] [609, 454]

40
1 [682, 407] [599, 461]

41
1 [678, 409] [600, 459]

42
1 [680, 410] [595, 459]

43
1 [670, 410] [588, 466]

44
1 [668, 414] [584, 467]

45
1 [671, 411] [584, 465]

46
1 [656, 417] [571, 474]

47
1 [656, 414] [572, 472]

48
1 [657, 416] [571, 474]

49
1 [649, 422] [557, 481]

50
1 [646, 419] [556, 481]

51
1 [644, 422] [554, 482]

52
1 [636, 425] [537, 490]

53
1 [642, 421] [538, 488]

54
1 [639, 421] [537, 489]

55
1 [629, 427] [520, 496]

56
1 [620, 424] [520, 498]

57
1 [626, 419] [519, 498]

58
1 [612, 429] [500, 507]

59
1 [616, 427] [498, 505]

60
1 [608, 431] [498, 505]

61
1 [596, 433] [476, 517]

62
1 [591, 434] [474, 517]

63
1 [590, 433] [474, 517]

64
1 [568, 441] [454, 527]

65
1 [567, 439] [452, 526]

66
1 [571, 441] [453, 526]

67
1 [544, 450] [430, 536]

68
1 [544, 450] [429, 536]

69
1 [547, 449] [427, 536]

70
1 [525, 457] [406, 548]

71
1 [519, 457] [407, 550]

72
1 [522, 455] [406, 547]

73
1 [510, 461] [387, 562]

74
1 [507, 461] [385, 562]

75
1 [505, 459] [386, 561]

76
1 [494, 466] [364, 574]

77
1 [492, 466] [360, 573]

78
1 [494, 464] [361, 574]

79
1 [483, 471] [338, 588]

80
1 [483, 471] [339, 586]

81
1 [474, 472] [337, 588]

82
1 [467, 475] [314, 604]

83
1 [467, 476] [315, 603]

84
1 [446, 495] [316, 603]

85
1 [430, 509] [294, 618]

86
1 [433, 512] [293, 620]

87
1 [433, 512] [292, 617]

88
1 [422, 517] [269, 637]

89
1 [422, 514] [269, 637]

90
1 [421, 514] [269, 638]

91
1 [407, 525] [246, 655]
2 [977, 371] [982, 380]

92
1 [405, 524] [245, 653]

93
1 [409, 524] [241, 655]
2 [975, 368] [982, 380]

94
1 [397, 524] [219, 674]
2 [968, 368] [975, 382]

95
1 [386, 538] [217, 674]
2 [967, 371] [976, 383]

96
1 [367, 557] [222, 676]
2 [969, 368] [975, 383]

97
1 [961, 375] [967, 386]

98
1 [959, 368] [966, 385]

99
1 [961, 372] [968, 385]

100
1 [955, 371] [962, 387]

101
1 [955, 373] [962, 387]

102
1 [954, 374] [963, 387]

103
1 [949, 372] [957, 388]

104
1 [949, 374] [956, 388]

105
1 [951, 373] [956, 389]

106
1 [946, 375] [951, 392]

107
1 [945, 377] [951, 392]

108
1 [943, 376] [951, 390]

109
1 [941, 379] [946, 393]

110
1 [941, 378] [945, 393]

111
1 [940, 378] [945, 392]

112
1 [933, 379] [940, 396]

113
1 [934, 381] [941, 395]

114
1 [935, 378] [941, 395]

115
1 [929, 381] [937, 396]

116
1 [929, 385] [937, 397]

117
1 [930, 383] [936, 397]

118
1 [927, 382] [936, 398]

119
1 [928, 383] [935, 399]

120
1 [925, 383] [935, 400]

121
1 [927, 383] [937, 404]

122
1 [925, 383] [935, 402]

123
1 [926, 385] [936, 402]

124
1 [923, 386] [936, 406]

125
1 [927, 387] [937, 404]

126
1 [925, 387] [936, 406]

127
1 [924, 387] [933, 407]

128
1 [925, 387] [936, 407]

129
1 [926, 387] [935, 407]

130
1 [923, 385] [933, 410]

131
1 [925, 386] [935, 409]

132
1 [923, 388] [933, 409]

133
1 [923, 389] [932, 411]

134
1 [923, 390] [932, 412]

135
1 [922, 392] [931, 412]

136
1 [916, 395] [931, 415]

137
1 [918, 395] [930, 416]

138
1 [919, 396] [931, 416]

139
1 [916, 397] [929, 418]

140
1 [915, 397] [931, 416]

141
1 [912, 394] [929, 418]

142
1 [914, 396] [929, 421]

143
1 [913, 397] [928, 421]

144
1 [914, 397] [929, 420]

145
1 [910, 397] [928, 423]

146
1 [911, 397] [928, 423]

147
1 [911, 397] [927, 423]

148
1 [908, 394] [927, 427]

149
1 [910, 399] [927, 427]

150
1 [910, 401] [929, 431]

151
1 [910, 403] [926, 431]

152
1 [911, 403] [926, 431]

153
1 [911, 404] [927, 432]

154
1 [912, 406] [926, 435]

155
1 [911, 406] [925, 434]

156
1 [913, 407] [928, 435]

157
1 [913, 411] [928, 437]

158
1 [914, 411] [929, 438]

159
1 [917, 412] [931, 440]

160
1 [917, 419] [931, 443]

161
1 [917, 414] [931, 444]

162
1 [915, 412] [929, 443]

163
1 [915, 420] [932, 448]

164
1 [918, 420] [933, 448]

165
1 [917, 420] [931, 449]

166
1 [906, 406] [933, 451]

167
1 [904, 407] [933, 452]

168
1 [908, 409] [933, 452]

169
1 [915, 421] [938, 457]

170
1 [921, 430] [936, 459]

171
1 [921, 431] [939, 458]

172
1 [923, 433] [941, 465]

173
1 [923, 434] [941, 464]

174
1 [923, 435] [942, 464]

175
1 [921, 433] [943, 469]

176
1 [924, 437] [945, 470]

177
1 [923, 438] [944, 469]

178
1 [922, 438] [945, 474]

179
1 [923, 438] [946, 474]

180
1 [917, 431] [945, 476]

181
1 [919, 438] [948, 481]

182
1 [921, 440] [947, 481]

183
1 [921, 441] [949, 480]

184
1 [924, 443] [949, 486]

185
1 [921, 444] [949, 486]

186
1 [926, 447] [949, 486]

187
1 [928, 454] [953, 491]

188
1 [929, 453] [953, 491]

189
1 [930, 454] [954, 493]

190
1 [932, 456] [957, 500]

191
1 [933, 459] [957, 500]

192
1 [933, 459] [959, 500]

193
1 [939, 471] [962, 509]

194
1 [938, 469] [962, 507]

195
1 [939, 469] [962, 507]

196
1 [942, 475] [967, 514]

197
1 [942, 478] [967, 514]

198
1 [942, 476] [967, 512]

199
1 [943, 484] [973, 523]

200
1 [945, 482] [971, 523]

201
1 [945, 481] [971, 522]

202
1 [950, 489] [975, 529]

203
1 [939, 478] [975, 529]

204
1 [938, 478] [975, 531]

205
1 [943, 487] [981, 538]

206
1 [944, 488] [980, 538]

207
1 [949, 490] [980, 538]

208
1 [949, 492] [987, 549]

209
1 [952, 495] [985, 548]

210
1 [957, 502] [985, 548]

211
1 [963, 507] [991, 556]

212
1 [960, 509] [990, 556]

213
1 [960, 509] [990, 557]

214
1 [966, 519] [995, 562]

215
1 [966, 518] [996, 566]

216
1 [963, 520] [995, 565]

217
1 [975, 531] [1000, 575]

218
1 [973, 529] [1002, 577]

219
1 [977, 536] [1007, 576]

220
1 [987, 548] [1012, 582]

221
1 [983, 545] [1010, 581]

222
1 [979, 538] [1012, 584]

223
1 [985, 548] [1014, 595]

224
1 [987, 550] [1016, 593]

225
1 [989, 553] [1015, 596]

226
1 [992, 556] [1022, 606]

227
1 [995, 562] [1020, 603]

228
1 [998, 566] [1022, 605]

229
1 [1005, 575] [1028, 615]

230
1 [1004, 577] [1027, 617]

231
1 [1006, 576] [1028, 618]

232
1 [1008, 581] [1036, 629]

233
1 [1006, 580] [1036, 628]

234
1 [1008, 581] [1037, 629]

235
1 [1013, 589] [1043, 643]

236
1 [1012, 588] [1044, 644]

237
1 [1010, 586] [1045, 642]

238
1 [1016, 593] [1058, 658]

239
1 [1012, 593] [1056, 657]

240
1 [1016, 592] [1054, 655]

241
1 [1016, 598] [1059, 668]

242
1 [1015, 598] [1062, 670]

243
1 [1014, 601] [1065, 672]

244
1 [1024, 610] [1072, 686]

245
1 [1022, 608] [1074, 687]

246
1 [1022, 608] [1075, 690]

247

248

249

250

251

252

253

254

255

256

257

258

259