1
1 [510, 326] [495, 303]
2 [570, 424] [558, 407]
3 [617, 425] [607, 402]
4 [618, 336] [609, 317]

2
1 [504, 322] [493, 299]
2 [566, 418] [554, 402]
3 [617, 421] [607, 402]
4 [619, 340] [607, 318]

3
1 [504, 320] [492, 300]
2 [567, 417] [554, 401]
3 [610, 410] [599, 387]
4 [619, 338] [607, 315]

4
1 [504, 319] [493, 298]
2 [568, 420] [555, 400]
3 [615, 416] [603, 391]
4 [618, 341] [608, 317]

5
1 [504, 321] [491, 297]
2 [571, 426] [552, 399]
3 [615, 412] [602, 393]
4 [616, 328] [605, 311]

6
1 [500, 314] [490, 295]
2 [566, 419] [552, 399]
3 [617, 417] [602, 392]
4 [618, 338] [605, 315]

7
1 [501, 316] [492, 295]
2 [566, 416] [551, 395]
3 [614, 413] [603, 396]
4 [615, 328] [607, 310]

8
1 [501, 317] [490, 295]
2 [565, 413] [550, 394]
3 [614, 412] [601, 393]
4 [616, 331] [604, 313]

9
1 [502, 316] [491, 296]
2 [569, 421] [550, 395]
3 [613, 410] [603, 394]
4 [616, 331] [604, 309]

10
1 [502, 318] [492, 298]
2 [566, 418] [550, 394]
3 [612, 404] [598, 383]
4 [615, 328] [604, 309]

11
1 [502, 312] [492, 297]
2 [567, 418] [552, 394]
3 [608, 400] [599, 382]
4 [613, 322] [604, 306]

12
1 [504, 317] [492, 296]
2 [566, 421] [555, 404]
3 [611, 406] [600, 386]
4 [614, 327] [604, 308]

13
1 [503, 314] [491, 294]
2 [563, 415] [551, 395]
3 [610, 405] [597, 382]
4 [614, 326] [602, 307]

14
1 [500, 314] [489, 293]
2 [566, 414] [551, 394]
3 [610, 402] [596, 380]
4 [614, 321] [601, 303]

15
1 [501, 311] [491, 294]
2 [563, 413] [549, 389]
3 [608, 400] [596, 376]
4 [612, 324] [600, 302]

16
1 [496, 307] [487, 286]
2 [562, 409] [544, 381]
3 [610, 400] [596, 378]
4 [612, 317] [601, 301]

17
1 [498, 308] [488, 285]
2 [561, 410] [545, 381]
3 [606, 391] [592, 373]
4 [613, 323] [599, 303]
5 [607, 478] [602, 469]

18
1 [498, 310] [487, 283]
2 [562, 412] [548, 385]
3 [608, 476] [601, 469]
4 [604, 393] [591, 371]
5 [614, 320] [597, 301]

19
1 [501, 311] [488, 284]
2 [559, 411] [546, 385]
3 [610, 402] [596, 381]
4 [611, 319] [598, 291]
5 [608, 477] [600, 467]

20
1 [498, 307] [485, 281]
2 [557, 402] [546, 379]
3 [605, 390] [594, 372]
4 [612, 318] [597, 294]
5 [608, 477] [599, 464]

21
1 [496, 301] [484, 276]
2 [562, 411] [544, 379]
3 [609, 476] [599, 464]
4 [602, 386] [591, 364]
5 [610, 321] [596, 295]

22
1 [496, 304] [485, 277]
2 [559, 404] [546, 380]
3 [605, 477] [596, 462]
4 [606, 398] [594, 377]
5 [609, 312] [595, 293]

23
1 [495, 298] [484, 274]
2 [554, 398] [543, 376]
3 [606, 472] [596, 461]
4 [600, 384] [587, 362]
5 [608, 315] [595, 288]

24
1 [495, 302] [480, 272]
2 [560, 405] [542, 375]
3 [609, 479] [598, 462]
4 [607, 399] [594, 373]
5 [610, 317] [595, 292]

25
1 [495, 300] [484, 274]
2 [558, 408] [543, 380]
3 [608, 398] [594, 371]
4 [608, 314] [594, 290]
5 [607, 475] [597, 462]

26
1 [493, 300] [484, 274]
2 [557, 403] [544, 374]
3 [604, 385] [591, 364]
4 [609, 308] [595, 285]
5 [610, 477] [598, 463]

27
1 [494, 297] [480, 272]
2 [555, 401] [544, 375]
3 [608, 478] [598, 463]
4 [607, 398] [593, 370]
5 [609, 314] [593, 287]

28
1 [489, 290] [479, 273]
2 [554, 396] [541, 367]
3 [608, 475] [597, 461]
4 [606, 394] [595, 367]
5 [606, 306] [595, 287]

29
1 [490, 293] [481, 271]
2 [555, 401] [542, 373]
3 [608, 476] [598, 462]
4 [608, 394] [592, 368]
5 [603, 310] [593, 287]

30
1 [495, 299] [483, 274]
2 [557, 401] [543, 373]
3 [605, 394] [593, 368]
4 [605, 311] [595, 286]
5 [608, 475] [598, 461]

31
1 [493, 295] [482, 269]
2 [556, 400] [542, 372]
3 [603, 393] [592, 368]
4 [605, 310] [590, 283]
5 [608, 475] [595, 455]

32
1 [492, 293] [480, 267]
2 [552, 396] [540, 367]
3 [605, 394] [592, 365]
4 [608, 307] [591, 283]
5 [608, 475] [594, 456]

33
1 [495, 294] [479, 268]
2 [555, 397] [541, 367]
3 [605, 389] [592, 364]
4 [607, 312] [593, 282]
5 [608, 475] [595, 459]

34
1 [490, 287] [480, 266]
2 [556, 396] [542, 368]
3 [609, 473] [597, 456]
4 [605, 387] [590, 361]
5 [609, 313] [593, 284]

35
1 [492, 290] [478, 265]
2 [557, 399] [540, 367]
3 [605, 390] [592, 362]
4 [607, 308] [591, 280]
5 [611, 473] [595, 456]

36
1 [491, 286] [480, 266]
2 [554, 395] [541, 366]
3 [602, 385] [590, 363]
4 [605, 308] [591, 280]
5 [607, 473] [599, 459]

37
1 [490, 291] [479, 267]
2 [553, 394] [541, 365]
3 [602, 388] [589, 355]
4 [603, 302] [592, 277]
5 [609, 471] [597, 455]

38
1 [491, 288] [478, 263]
2 [555, 397] [540, 365]
3 [609, 473] [597, 455]
4 [601, 380] [589, 360]
5 [606, 302] [589, 278]

39
1 [491, 282] [478, 263]
2 [554, 394] [541, 366]
3 [605, 388] [594, 359]
4 [604, 302] [593, 277]
5 [610, 475] [596, 455]

40
1 [489, 282] [475, 259]
2 [556, 396] [541, 360]
3 [608, 473] [595, 451]
4 [604, 386] [592, 360]
5 [604, 305] [592, 276]

41
1 [490, 288] [478, 259]
2 [554, 394] [537, 361]
3 [606, 474] [594, 455]
4 [603, 390] [588, 360]
5 [605, 304] [591, 277]

42
1 [489, 281] [478, 261]
2 [551, 390] [538, 360]
3 [607, 474] [595, 455]
4 [604, 386] [590, 357]
5 [606, 303] [591, 276]

43
1 [492, 284] [477, 260]
2 [553, 388] [539, 359]
3 [608, 473] [595, 454]
4 [601, 379] [591, 356]
5 [600, 294] [590, 272]

44
1 [491, 287] [478, 257]
2 [553, 389] [538, 359]
3 [607, 469] [595, 450]
4 [601, 376] [588, 351]
5 [602, 294] [591, 275]

45
1 [487, 280] [478, 260]
2 [552, 387] [539, 355]
3 [609, 471] [596, 450]
4 [598, 373] [589, 354]
5 [604, 296] [591, 272]

46
1 [490, 284] [478, 260]
2 [554, 392] [536, 358]
3 [610, 471] [596, 451]
4 [600, 379] [590, 357]
5 [602, 291] [589, 267]

47
1 [485, 277] [475, 257]
2 [551, 390] [536, 359]
3 [599, 380] [589, 356]
4 [608, 473] [596, 452]
5 [603, 292] [588, 267]

48
1 [487, 274] [479, 257]
2 [545, 373] [535, 352]
3 [599, 370] [589, 351]
4 [605, 463] [594, 446]
5 [602, 290] [588, 266]

49
1 [486, 274] [476, 253]
2 [552, 386] [535, 355]
3 [606, 471] [595, 447]
4 [599, 372] [586, 349]
5 [603, 296] [591, 273]

50
1 [486, 281] [476, 258]
2 [552, 384] [536, 356]
3 [599, 374] [587, 349]
4 [606, 460] [595, 445]
5 [598, 287] [586, 266]

51
1 [484, 274] [474, 252]
2 [545, 370] [531, 351]
3 [597, 368] [583, 350]
4 [603, 282] [588, 269]
5 [603, 465] [592, 450]

52
1 [598, 284] [587, 269]
2 [487, 272] [476, 255]
3 [546, 368] [530, 351]
4 [595, 360] [582, 346]
5 [603, 461] [588, 444]

53
1 [484, 271] [470, 252]
2 [543, 366] [528, 347]
3 [597, 366] [584, 347]
4 [599, 281] [584, 263]
5 [603, 459] [591, 445]

54
1 [482, 266] [469, 250]
2 [546, 360] [530, 347]
3 [594, 356] [581, 344]
4 [597, 275] [582, 263]
5 [602, 460] [587, 442]

55
1 [483, 267] [466, 248]
2 [544, 360] [527, 345]
3 [602, 459] [584, 438]
4 [597, 363] [578, 346]
5 [606, 291] [590, 275]

56
1 [486, 266] [469, 252]
2 [544, 364] [523, 345]
3 [601, 454] [579, 434]
4 [599, 360] [577, 337]
5 [601, 279] [581, 257]

57
1 [486, 272] [472, 253]
2 [479, 474] [462, 463]
3 [547, 363] [523, 343]
4 [594, 355] [573, 336]
5 [596, 278] [580, 259]
6 [600, 455] [582, 438]

58
1 [487, 270] [470, 250]
2 [479, 474] [467, 464]
3 [543, 362] [526, 346]
4 [599, 448] [582, 433]
5 [591, 349] [574, 337]
6 [595, 271] [578, 257]

59
1 [477, 475] [465, 464]
2 [479, 263] [464, 246]
3 [541, 360] [525, 342]
4 [598, 448] [581, 437]
5 [592, 349] [575, 337]
6 [591, 271] [572, 254]

60
1 [482, 475] [470, 467]
2 [482, 267] [469, 245]
3 [541, 359] [524, 343]
4 [597, 445] [583, 435]
5 [587, 349] [574, 338]
6 [594, 270] [576, 258]

61
1 [480, 263] [468, 245]
2 [592, 273] [574, 257]
3 [590, 354] [575, 339]
4 [540, 356] [524, 342]
5 [598, 448] [584, 432]
6 [478, 471] [465, 462]

62
1 [589, 266] [574, 252]
2 [481, 269] [468, 246]
3 [589, 348] [570, 334]
4 [543, 360] [528, 344]
5 [594, 446] [578, 432]
6 [476, 473] [461, 463]

63
1 [585, 267] [573, 256]
2 [476, 259] [466, 249]
3 [589, 352] [571, 336]
4 [538, 358] [521, 342]
5 [594, 448] [576, 435]
6 [478, 473] [464, 468]

64
1 [589, 269] [570, 252]
2 [478, 260] [464, 243]
3 [536, 354] [520, 339]
4 [585, 349] [569, 336]
5 [593, 442] [576, 429]
6 [480, 477] [461, 462]

65
1 [481, 266] [464, 246]
2 [537, 349] [518, 336]
3 [475, 472] [463, 465]
4 [593, 441] [571, 429]
5 [588, 350] [573, 338]
6 [589, 261] [572, 249]

66
1 [588, 264] [571, 250]
2 [477, 257] [461, 242]
3 [538, 356] [520, 337]
4 [587, 350] [571, 333]
5 [594, 446] [577, 430]
6 [477, 477] [462, 461]

67
1 [587, 265] [570, 250]
2 [477, 257] [462, 240]
3 [582, 345] [568, 333]
4 [536, 356] [516, 334]
5 [594, 448] [575, 433]
6 [482, 472] [465, 462]

68
1 [591, 271] [570, 251]
2 [479, 262] [459, 243]
3 [584, 347] [561, 329]
4 [534, 351] [519, 336]
5 [595, 443] [573, 428]
6 [475, 471] [462, 461]

69
1 [590, 268] [572, 251]
2 [475, 256] [461, 240]
3 [539, 355] [520, 335]
4 [583, 346] [561, 329]
5 [591, 448] [576, 434]
6 [474, 471] [460, 459]

70
1 [583, 262] [564, 248]
2 [474, 253] [458, 238]
3 [534, 353] [516, 330]
4 [580, 345] [564, 332]
5 [593, 446] [577, 431]
6 [475, 473] [455, 458]
7 [636, 360] [625, 351]

71
1 [579, 259] [565, 247]
2 [470, 248] [458, 236]
3 [530, 345] [513, 332]
4 [584, 345] [563, 331]
5 [471, 469] [455, 457]
6 [590, 444] [573, 425]
7 [637, 356] [625, 349]

72
1 [582, 260] [566, 247]
2 [469, 252] [453, 235]
3 [530, 349] [512, 330]
4 [581, 342] [555, 325]
5 [595, 449] [574, 428]
6 [635, 355] [623, 345]
7 [472, 471] [453, 455]

73
1 [472, 470] [453, 457]
2 [593, 449] [569, 426]
3 [530, 352] [516, 339]
4 [473, 259] [454, 236]
5 [582, 345] [558, 328]
6 [583, 261] [562, 244]
7 [636, 358] [622, 346]

74
1 [473, 252] [449, 231]
2 [586, 269] [563, 247]
3 [636, 356] [624, 348]
4 [585, 351] [567, 334]
5 [533, 348] [512, 330]
6 [591, 439] [571, 424]
7 [471, 469] [452, 454]

75
1 [470, 251] [453, 232]
2 [586, 264] [562, 249]
3 [636, 358] [622, 343]
4 [578, 344] [561, 330]
5 [526, 343] [506, 328]
6 [589, 441] [570, 426]
7 [473, 471] [453, 456]

76
1 [471, 470] [451, 454]
2 [471, 250] [449, 231]
3 [532, 351] [509, 331]
4 [586, 348] [560, 329]
5 [590, 444] [571, 428]
6 [587, 266] [563, 248]
7 [635, 356] [616, 342]

77
1 [635, 358] [621, 346]
2 [582, 260] [562, 244]
3 [580, 348] [556, 329]
4 [537, 354] [512, 331]
5 [470, 253] [449, 233]
6 [586, 443] [571, 428]
7 [471, 471] [451, 453]

78
1 [472, 469] [453, 455]
2 [463, 248] [448, 234]
3 [528, 349] [512, 329]
4 [583, 347] [560, 332]
5 [586, 441] [572, 425]
6 [582, 259] [564, 244]
7 [635, 354] [615, 340]

79
1 [579, 257] [562, 243]
2 [637, 356] [619, 344]
3 [574, 340] [557, 324]
4 [470, 249] [443, 230]
5 [526, 343] [504, 327]
6 [584, 437] [568, 424]
7 [466, 466] [447, 453]

80
1 [466, 466] [443, 451]
2 [470, 246] [447, 232]
3 [528, 342] [505, 327]
4 [578, 342] [557, 325]
5 [588, 438] [563, 422]
6 [634, 358] [619, 346]
7 [578, 258] [561, 245]

81
1 [469, 248] [446, 232]
2 [582, 260] [559, 240]
3 [635, 356] [617, 344]
4 [575, 341] [553, 323]
5 [529, 351] [508, 330]
6 [584, 439] [563, 423]
7 [459, 460] [443, 447]

82
1 [465, 466] [447, 451]
2 [585, 438] [564, 420]
3 [522, 339] [502, 323]
4 [461, 241] [447, 230]
5 [579, 341] [552, 322]
6 [580, 261] [558, 244]
7 [635, 358] [617, 342]

83
1 [638, 357] [616, 341]
2 [577, 256] [560, 242]
3 [462, 242] [446, 229]
4 [575, 340] [551, 318]
5 [522, 339] [499, 321]
6 [580, 434] [565, 418]
7 [465, 463] [448, 455]

84
1 [465, 464] [445, 451]
2 [579, 433] [562, 422]
3 [516, 333] [501, 325]
4 [461, 240] [442, 227]
5 [570, 334] [551, 322]
6 [574, 255] [554, 238]
7 [634, 353] [620, 344]

85
1 [633, 358] [617, 342]
2 [574, 254] [559, 241]
3 [458, 242] [437, 228]
4 [571, 338] [553, 323]
5 [526, 342] [501, 324]
6 [577, 433] [560, 420]
7 [462, 465] [444, 450]

86
1 [460, 463] [444, 454]
2 [577, 429] [562, 422]
3 [519, 339] [496, 319]
4 [458, 241] [443, 230]
5 [572, 336] [551, 322]
6 [574, 252] [556, 239]
7 [636, 355] [618, 344]

87
1 [572, 254] [554, 236]
2 [634, 358] [619, 344]
3 [569, 332] [546, 316]
4 [525, 340] [503, 325]
5 [459, 236] [444, 227]
6 [460, 462] [441, 447]
7 [581, 434] [559, 420]

88
1 [578, 433] [560, 422]
2 [462, 462] [441, 447]
3 [521, 339] [500, 329]
4 [457, 237] [441, 223]
5 [572, 338] [553, 323]
6 [566, 249] [550, 236]
7 [631, 352] [615, 336]

89
1 [632, 355] [613, 340]
2 [572, 253] [553, 237]
3 [457, 239] [441, 227]
4 [571, 336] [550, 323]
5 [520, 341] [495, 319]
6 [585, 434] [560, 416]
7 [461, 458] [443, 447]

90
1 [459, 238] [438, 223]
2 [568, 246] [550, 235]
3 [633, 355] [615, 339]
4 [565, 333] [545, 314]
5 [525, 343] [502, 322]
6 [580, 431] [558, 417]
7 [456, 458] [436, 445]

91
1 [469, 467] [446, 451]
2 [465, 246] [440, 228]
3 [526, 346] [498, 325]
4 [571, 335] [549, 319]
5 [584, 437] [561, 423]
6 [634, 356] [616, 339]
7 [570, 249] [552, 235]

92
1 [570, 251] [550, 234]
2 [456, 240] [437, 222]
3 [564, 330] [545, 316]
4 [522, 343] [500, 324]
5 [463, 466] [438, 442]
6 [576, 432] [557, 421]
7 [635, 357] [615, 337]

93
1 [633, 356] [617, 340]
2 [569, 250] [547, 231]
3 [461, 240] [439, 226]
4 [567, 331] [543, 319]
5 [531, 351] [501, 325]
6 [580, 433] [560, 413]
7 [460, 462] [441, 446]

94
1 [462, 465] [437, 445]
2 [577, 428] [559, 419]
3 [519, 338] [499, 321]
4 [562, 326] [540, 310]
5 [456, 234] [438, 223]
6 [570, 248] [547, 231]
7 [633, 353] [609, 336]

95
1 [632, 352] [609, 336]
2 [573, 253] [552, 234]
3 [460, 238] [441, 225]
4 [565, 328] [544, 314]
5 [523, 338] [493, 319]
6 [575, 429] [553, 412]
7 [460, 459] [440, 447]

96
1 [457, 462] [438, 447]
2 [574, 426] [554, 413]
3 [519, 332] [494, 315]
4 [562, 322] [533, 303]
5 [455, 236] [434, 217]
6 [570, 246] [547, 231]
7 [633, 355] [610, 337]

97
1 [635, 354] [612, 341]
2 [567, 245] [546, 231]
3 [456, 239] [435, 221]
4 [566, 329] [541, 312]
5 [523, 337] [493, 316]
6 [573, 428] [548, 409]
7 [456, 457] [434, 439]

98
1 [456, 233] [431, 219]
2 [463, 461] [443, 445]
3 [575, 429] [551, 411]
4 [519, 336] [493, 312]
5 [562, 324] [535, 305]
6 [634, 354] [609, 340]
7 [574, 251] [548, 233]

99
1 [571, 251] [543, 229]
2 [464, 243] [436, 222]
3 [517, 335] [492, 319]
4 [566, 327] [537, 307]
5 [632, 355] [613, 338]
6 [581, 435] [552, 413]
7 [467, 467] [436, 444]

100
1 [459, 240] [437, 221]
2 [563, 244] [539, 228]
3 [631, 353] [606, 335]
4 [557, 325] [536, 310]
5 [514, 333] [488, 315]
6 [569, 423] [542, 405]
7 [453, 455] [431, 440]

101
1 [454, 457] [429, 437]
2 [570, 428] [551, 411]
3 [508, 326] [491, 311]
4 [446, 230] [427, 213]
5 [554, 325] [534, 307]
6 [561, 242] [538, 222]
7 [630, 351] [605, 330]

102
1 [626, 347] [603, 328]
2 [561, 247] [541, 228]
3 [449, 238] [425, 219]
4 [556, 324] [535, 310]
5 [512, 327] [488, 315]
6 [571, 428] [547, 411]
7 [450, 455] [429, 439]

103
1 [446, 228] [423, 213]
2 [560, 239] [541, 227]
3 [625, 343] [601, 330]
4 [557, 326] [537, 309]
5 [511, 329] [487, 312]
6 [566, 422] [544, 407]
7 [450, 453] [429, 437]

104
1 [555, 237] [534, 225]
2 [447, 233] [425, 217]
3 [562, 327] [536, 308]
4 [506, 324] [486, 307]
5 [621, 345] [600, 326]
6 [568, 421] [545, 406]
7 [449, 450] [428, 435]

105
1 [448, 453] [428, 437]
2 [562, 417] [542, 406]
3 [500, 322] [484, 306]
4 [444, 230] [424, 214]
5 [553, 322] [532, 306]
6 [560, 243] [539, 225]
7 [622, 345] [604, 330]

106
1 [620, 343] [600, 326]
2 [557, 243] [537, 225]
3 [445, 236] [426, 220]
4 [554, 319] [532, 303]
5 [510, 327] [488, 312]
6 [564, 421] [544, 405]
7 [450, 457] [429, 437]

107
1 [555, 240] [539, 223]
2 [443, 232] [425, 214]
3 [554, 324] [538, 308]
4 [622, 343] [605, 331]
5 [510, 329] [487, 311]
6 [563, 424] [540, 402]
7 [446, 453] [426, 434]

108
1 [447, 453] [427, 435]
2 [564, 420] [543, 404]
3 [507, 334] [487, 312]
4 [448, 232] [424, 215]
5 [555, 322] [530, 306]
6 [624, 346] [600, 327]
7 [559, 240] [533, 224]

109
1 [555, 238] [532, 223]
2 [621, 342] [601, 327]
3 [554, 322] [534, 308]
4 [506, 328] [482, 308]
5 [445, 228] [424, 214]
6 [570, 422] [541, 402]
7 [448, 452] [422, 432]

110
1 [555, 239] [534, 223]
2 [445, 232] [423, 213]
3 [550, 317] [531, 303]
4 [501, 324] [478, 305]
5 [621, 344] [596, 325]
6 [567, 418] [544, 404]
7 [450, 452] [423, 431]

111
1 [559, 241] [541, 226]
2 [619, 341] [599, 327]
3 [551, 318] [525, 299]
4 [444, 226] [421, 209]
5 [502, 321] [476, 303]
6 [562, 416] [541, 399]
7 [444, 452] [421, 431]

112
1 [440, 225] [420, 208]
2 [553, 235] [533, 221]
3 [544, 315] [527, 300]
4 [495, 321] [472, 300]
5 [564, 419] [540, 403]
6 [446, 448] [426, 433]
7 [627, 348] [602, 333]

113
1 [622, 342] [599, 325]
2 [556, 235] [538, 222]
3 [438, 222] [420, 208]
4 [549, 317] [527, 299]
5 [503, 323] [478, 302]
6 [559, 416] [534, 395]
7 [445, 447] [420, 428]

114
1 [446, 450] [418, 432]
2 [560, 416] [533, 396]
3 [500, 321] [478, 300]
4 [442, 226] [425, 212]
5 [548, 316] [525, 298]
6 [554, 238] [534, 219]
7 [622, 342] [603, 328]

115
1 [553, 237] [531, 218]
2 [441, 225] [421, 209]
3 [546, 317] [525, 296]
4 [625, 342] [595, 325]
5 [493, 315] [477, 299]
6 [559, 420] [539, 400]
7 [444, 445] [422, 433]

116
1 [548, 231] [527, 217]
2 [435, 223] [419, 210]
3 [547, 317] [525, 300]
4 [493, 315] [472, 297]
5 [441, 447] [415, 428]
6 [563, 420] [542, 403]
7 [616, 337] [596, 321]

117
1 [609, 334] [590, 318]
2 [544, 228] [526, 213]
3 [430, 222] [416, 207]
4 [545, 315] [526, 301]
5 [497, 322] [471, 299]
6 [559, 417] [539, 397]
7 [444, 445] [420, 432]

118
1 [439, 447] [416, 429]
2 [557, 413] [539, 402]
3 [493, 314] [473, 297]
4 [433, 222] [419, 205]
5 [539, 309] [523, 292]
6 [544, 229] [522, 210]
7 [624, 346] [596, 324]

119
1 [435, 220] [414, 205]
2 [439, 443] [417, 428]
3 [499, 322] [471, 300]
4 [544, 315] [523, 295]
5 [547, 231] [522, 211]
6 [620, 341] [596, 321]
7 [554, 417] [534, 398]

120
1 [435, 218] [416, 203]
2 [548, 232] [525, 213]
3 [542, 312] [519, 290]
4 [498, 320] [476, 300]
5 [617, 341] [594, 323]
6 [561, 418] [536, 395]
7 [436, 442] [412, 421]

121
1 [545, 230] [527, 211]
2 [433, 218] [414, 202]
3 [547, 317] [524, 294]
4 [489, 315] [466, 295]
5 [616, 337] [591, 319]
6 [556, 413] [537, 397]
7 [434, 445] [412, 421]

122
1 [438, 219] [410, 200]
2 [543, 227] [522, 212]
3 [613, 339] [587, 312]
4 [545, 314] [521, 295]
5 [497, 321] [472, 299]
6 [556, 415] [529, 395]
7 [439, 442] [412, 422]

123
1 [441, 448] [417, 428]
2 [557, 412] [530, 391]
3 [501, 316] [471, 297]
4 [552, 318] [520, 296]
5 [614, 337] [590, 317]
6 [542, 231] [524, 213]
7 [432, 218] [412, 198]

124
1 [544, 232] [521, 210]
2 [430, 220] [410, 198]
3 [613, 336] [587, 317]
4 [542, 314] [517, 292]
5 [493, 317] [471, 296]
6 [558, 418] [530, 394]
7 [431, 442] [410, 422]

125
1 [431, 438] [410, 424]
2 [552, 410] [531, 396]
3 [492, 314] [474, 295]
4 [435, 222] [412, 201]
5 [540, 309] [522, 294]
6 [606, 332] [591, 318]
7 [544, 226] [520, 208]

126
1 [541, 226] [524, 211]
2 [432, 222] [413, 203]
3 [543, 312] [525, 298]
4 [611, 334] [591, 320]
5 [496, 315] [474, 297]
6 [550, 413] [527, 392]
7 [433, 439] [408, 422]

127
1 [429, 437] [411, 422]
2 [553, 410] [535, 394]
3 [494, 319] [470, 298]
4 [544, 316] [523, 295]
5 [442, 223] [419, 207]
6 [545, 229] [526, 211]
7 [611, 336] [594, 321]

128
1 [545, 228] [526, 214]
2 [433, 219] [412, 203]
3 [538, 308] [514, 290]
4 [616, 333] [596, 319]
5 [492, 312] [469, 293]
6 [550, 411] [529, 396]
7 [434, 441] [410, 423]

129
1 [435, 439] [411, 424]
2 [552, 411] [531, 393]
3 [504, 322] [476, 300]
4 [544, 309] [515, 287]
5 [432, 219] [409, 196]
6 [544, 229] [522, 207]
7 [617, 340] [590, 317]

130
1 [430, 216] [408, 199]
2 [539, 223] [523, 211]
3 [533, 307] [517, 288]
4 [486, 310] [462, 289]
5 [544, 406] [521, 388]
6 [611, 335] [586, 310]
7 [422, 431] [406, 416]
8 [637, 206] [625, 199]
9 [636, 423] [624, 411]

131
1 [637, 425] [626, 412]
2 [546, 403] [524, 390]
3 [413, 424] [398, 412]
4 [484, 308] [464, 287]
5 [534, 300] [511, 281]
6 [612, 330] [588, 313]
7 [534, 220] [515, 204]
8 [427, 218] [408, 198]
9 [637, 208] [626, 202]

132
1 [638, 207] [627, 199]
2 [534, 223] [514, 203]
3 [424, 220] [408, 195]
4 [532, 306] [512, 288]
5 [605, 328] [587, 313]
6 [490, 313] [467, 292]
7 [414, 422] [395, 402]
8 [540, 402] [523, 385]
9 [637, 424] [622, 407]

133
1 [434, 222] [409, 199]
2 [488, 311] [465, 291]
3 [422, 431] [403, 414]
4 [546, 405] [521, 384]
5 [533, 305] [511, 284]
6 [535, 218] [511, 203]
7 [636, 211] [623, 196]
8 [595, 321] [572, 302]
9 [636, 422] [622, 409]

134
1 [433, 220] [408, 199]
2 [485, 308] [462, 285]
3 [421, 427] [400, 412]
4 [540, 401] [512, 378]
5 [533, 302] [509, 283]
6 [529, 217] [512, 204]
7 [597, 325] [579, 304]
8 [634, 420] [618, 406]
9 [634, 209] [620, 196]

135
1 [425, 212] [403, 192]
2 [533, 220] [510, 202]
3 [635, 209] [622, 197]
4 [599, 325] [579, 304]
5 [529, 300] [512, 284]
6 [481, 305] [461, 288]
7 [539, 398] [521, 384]
8 [635, 422] [621, 408]
9 [422, 429] [399, 408]

136
1 [421, 428] [400, 410]
2 [537, 400] [518, 385]
3 [635, 418] [620, 406]
4 [482, 306] [458, 285]
5 [528, 301] [506, 285]
6 [596, 321] [578, 304]
7 [417, 205] [397, 190]
8 [531, 216] [510, 200]
9 [637, 209] [623, 195]

137
1 [421, 208] [401, 189]
2 [534, 216] [512, 202]
3 [637, 205] [621, 193]
4 [598, 324] [576, 299]
5 [524, 301] [506, 283]
6 [478, 300] [456, 283]
7 [415, 427] [395, 406]
8 [538, 395] [516, 380]
9 [636, 418] [622, 406]

138
1 [417, 425] [396, 411]
2 [535, 398] [513, 380]
3 [632, 415] [618, 403]
4 [481, 305] [457, 283]
5 [524, 296] [504, 280]
6 [591, 318] [575, 302]
7 [526, 215] [508, 200]
8 [416, 205] [399, 191]
9 [635, 210] [620, 197]

139
1 [638, 209] [622, 195]
2 [528, 216] [512, 198]
3 [420, 210] [398, 191]
4 [529, 301] [509, 284]
5 [473, 299] [453, 278]
6 [596, 322] [572, 298]
7 [634, 418] [615, 402]
8 [536, 396] [512, 377]
9 [416, 421] [391, 404]

140
1 [417, 424] [394, 405]
2 [535, 391] [512, 376]
3 [633, 417] [615, 404]
4 [589, 318] [569, 298]
5 [527, 300] [508, 281]
6 [478, 304] [457, 284]
7 [419, 205] [396, 185]
8 [530, 215] [506, 198]
9 [635, 205] [622, 193]

141
1 [636, 205] [621, 189]
2 [523, 215] [509, 199]
3 [413, 205] [392, 184]
4 [529, 298] [506, 278]
5 [477, 301] [456, 281]
6 [599, 321] [573, 300]
7 [635, 420] [613, 401]
8 [536, 394] [513, 379]
9 [418, 427] [394, 406]

142
1 [419, 427] [395, 407]
2 [535, 396] [512, 376]
3 [474, 300] [450, 279]
4 [529, 300] [504, 277]
5 [418, 203] [396, 188]
6 [525, 212] [506, 196]
7 [638, 210] [619, 191]
8 [588, 313] [573, 298]
9 [629, 417] [611, 400]

143
1 [412, 202] [392, 184]
2 [475, 300] [456, 277]
3 [418, 428] [393, 407]
4 [536, 394] [514, 376]
5 [632, 414] [616, 400]
6 [519, 295] [501, 277]
7 [591, 318] [568, 297]
8 [525, 213] [502, 197]
9 [637, 209] [618, 191]

144
1 [636, 206] [617, 191]
2 [524, 213] [503, 196]
3 [416, 206] [391, 185]
4 [524, 297] [501, 278]
5 [594, 318] [572, 298]
6 [473, 299] [449, 278]
7 [537, 396] [512, 375]
8 [418, 424] [392, 405]
9 [635, 416] [612, 399]

145
1 [633, 415] [614, 398]
2 [531, 392] [512, 376]
3 [414, 422] [391, 403]
4 [470, 292] [445, 275]
5 [520, 291] [499, 274]
6 [587, 315] [564, 299]
7 [413, 198] [392, 181]
8 [528, 216] [502, 194]
9 [637, 206] [616, 189]

146
1 [638, 207] [618, 191]
2 [520, 209] [499, 190]
3 [417, 201] [393, 183]
4 [520, 293] [500, 277]
5 [483, 306] [453, 281]
6 [593, 319] [566, 297]
7 [635, 419] [615, 402]
8 [533, 391] [508, 374]
9 [415, 423] [392, 403]

147
1 [417, 421] [391, 400]
2 [531, 391] [510, 377]
3 [472, 296] [453, 282]
4 [409, 199] [390, 184]
5 [522, 294] [499, 274]
6 [525, 214] [501, 189]
7 [591, 318] [570, 299]
8 [635, 422] [617, 405]
9 [635, 202] [616, 186]

148
1 [636, 205] [621, 190]
2 [525, 212] [502, 196]
3 [419, 205] [392, 182]
4 [520, 291] [498, 273]
5 [473, 299] [447, 276]
6 [595, 316] [565, 293]
7 [634, 419] [612, 401]
8 [531, 395] [510, 375]
9 [414, 424] [390, 401]

149
1 [416, 425] [392, 406]
2 [531, 388] [506, 373]
3 [631, 414] [611, 399]
4 [593, 314] [564, 294]
5 [515, 289] [495, 272]
6 [467, 292] [443, 273]
7 [409, 198] [388, 179]
8 [527, 212] [500, 190]
9 [636, 202] [613, 186]

150
1 [637, 203] [617, 187]
2 [521, 204] [502, 190]
3 [414, 200] [390, 180]
4 [591, 318] [567, 295]
5 [514, 287] [492, 266]
6 [472, 298] [444, 274]
7 [636, 418] [613, 399]
8 [531, 393] [508, 371]
9 [412, 421] [386, 401]

151
1 [415, 421] [389, 402]
2 [530, 394] [504, 372]
3 [631, 415] [608, 396]
4 [589, 314] [565, 294]
5 [523, 288] [493, 269]
6 [472, 292] [446, 272]
7 [409, 201] [384, 180]
8 [528, 214] [499, 193]
9 [638, 207] [613, 185]

152
1 [636, 205] [611, 185]
2 [523, 210] [500, 190]
3 [411, 200] [387, 179]
4 [595, 318] [566, 295]
5 [517, 287] [493, 268]
6 [468, 294] [443, 274]
7 [535, 394] [507, 372]
8 [634, 417] [606, 395]
9 [415, 423] [390, 403]

153
1 [407, 197] [390, 177]
2 [415, 421] [385, 398]
3 [528, 389] [506, 369]
4 [469, 294] [445, 274]
5 [519, 289] [495, 272]
6 [588, 314] [564, 292]
7 [630, 416] [611, 398]
8 [517, 206] [494, 187]
9 [637, 208] [609, 185]

154
1 [638, 208] [612, 186]
2 [516, 203] [494, 186]
3 [407, 195] [382, 175]
4 [464, 287] [438, 269]
5 [514, 284] [490, 267]
6 [584, 306] [559, 290]
7 [632, 414] [607, 398]
8 [520, 385] [500, 368]
9 [410, 418] [382, 398]

155
1 [407, 413] [386, 396]
2 [530, 386] [502, 367]
3 [461, 285] [440, 269]
4 [518, 285] [495, 265]
5 [410, 199] [388, 181]
6 [521, 211] [497, 188]
7 [633, 206] [611, 185]
8 [589, 315] [562, 292]
9 [633, 418] [617, 404]

156
1 [632, 205] [610, 184]
2 [518, 206] [495, 188]
3 [410, 193] [384, 174]
4 [584, 308] [561, 290]
5 [509, 283] [489, 268]
6 [461, 287] [436, 271]
7 [634, 415] [603, 390]
8 [525, 380] [495, 361]
9 [410, 417] [386, 400]

157
1 [414, 198] [387, 178]
2 [520, 206] [494, 183]
3 [632, 199] [606, 186]
4 [584, 312] [564, 288]
5 [506, 280] [484, 261]
6 [462, 287] [437, 269]
7 [524, 386] [497, 360]
8 [408, 419] [382, 399]
9 [635, 414] [603, 394]

158
1 [418, 426] [387, 402]
2 [527, 389] [500, 371]
3 [631, 414] [606, 395]
4 [588, 312] [563, 293]
5 [506, 279] [486, 261]
6 [469, 292] [440, 271]
7 [410, 200] [383, 175]
8 [520, 205] [493, 185]
9 [634, 205] [608, 185]

159
1 [634, 204] [605, 180]
2 [511, 200] [488, 186]
3 [410, 203] [384, 177]
4 [469, 287] [440, 269]
5 [513, 286] [484, 263]
6 [578, 305] [551, 283]
7 [634, 418] [608, 400]
8 [524, 385] [499, 364]
9 [407, 413] [380, 393]

160
1 [412, 418] [384, 397]
2 [515, 379] [495, 361]
3 [629, 412] [603, 397]
4 [580, 308] [556, 286]
5 [513, 286] [489, 265]
6 [460, 288] [438, 269]
7 [404, 192] [380, 175]
8 [519, 204] [496, 183]
9 [634, 205] [610, 187]

161
1 [638, 206] [606, 182]
2 [515, 202] [487, 181]
3 [407, 196] [380, 175]
4 [590, 318] [564, 293]
5 [514, 286] [484, 265]
6 [467, 288] [438, 267]
7 [635, 419] [609, 400]
8 [521, 386] [494, 364]
9 [410, 419] [383, 394]

162
1 [632, 205] [607, 181]
2 [512, 201] [489, 184]
3 [404, 196] [377, 172]
4 [584, 310] [558, 290]
5 [512, 281] [480, 261]
6 [468, 290] [440, 270]
7 [632, 418] [601, 394]
8 [520, 383] [498, 363]
9 [407, 418] [379, 397]

163
1 [409, 420] [383, 397]
2 [521, 380] [494, 362]
3 [633, 414] [606, 395]
4 [580, 312] [554, 288]
5 [509, 284] [481, 262]
6 [463, 288] [439, 270]
7 [403, 193] [376, 171]
8 [520, 209] [490, 183]
9 [632, 201] [604, 183]

164
1 [632, 202] [609, 185]
2 [516, 204] [492, 182]
3 [407, 194] [376, 171]
4 [580, 308] [549, 282]
5 [504, 279] [477, 260]
6 [466, 288] [437, 268]
7 [628, 411] [603, 390]
8 [518, 379] [489, 359]
9 [398, 411] [374, 393]

165
1 [400, 410] [375, 392]
2 [516, 375] [493, 360]
3 [457, 280] [430, 263]
4 [401, 187] [374, 170]
5 [516, 199] [491, 184]
6 [505, 278] [484, 263]
7 [575, 304] [548, 282]
8 [624, 191] [599, 173]
9 [625, 410] [599, 389]

166
1 [401, 410] [376, 390]
2 [513, 375] [493, 361]
3 [625, 406] [600, 389]
4 [573, 303] [549, 281]
5 [493, 276] [473, 255]
6 [461, 287] [437, 268]
7 [405, 197] [379, 176]
8 [509, 197] [484, 179]
9 [633, 201] [601, 180]

167
1 [404, 193] [379, 175]
2 [402, 413] [378, 391]
3 [453, 279] [430, 262]
4 [504, 281] [481, 263]
5 [511, 377] [486, 358]
6 [621, 407] [595, 390]
7 [569, 300] [546, 283]
8 [506, 196] [479, 178]
9 [626, 200] [596, 178]

168
1 [399, 188] [378, 171]
2 [456, 283] [432, 265]
3 [502, 276] [482, 265]
4 [507, 194] [481, 176]
5 [626, 195] [604, 180]
6 [567, 296] [543, 279]
7 [619, 408] [594, 384]
8 [508, 370] [485, 354]
9 [395, 408] [370, 386]

169
1 [402, 192] [379, 172]
2 [452, 281] [431, 267]
3 [507, 279] [483, 259]
4 [503, 194] [480, 174]
5 [624, 192] [599, 177]
6 [567, 300] [543, 281]
7 [614, 402] [594, 387]
8 [512, 376] [490, 359]
9 [395, 410] [370, 389]

170
1 [398, 189] [372, 169]
2 [453, 279] [427, 258]
3 [391, 402] [370, 385]
4 [507, 372] [482, 356]
5 [489, 268] [474, 250]
6 [497, 191] [476, 176]
7 [562, 292] [541, 277]
8 [614, 403] [591, 386]
9 [617, 191] [594, 173]

171
1 [617, 190] [592, 173]
2 [501, 191] [481, 176]
3 [389, 182] [366, 164]
4 [561, 290] [545, 275]
5 [478, 260] [457, 243]
6 [448, 277] [426, 258]
7 [503, 368] [482, 352]
8 [390, 402] [366, 384]
9 [611, 402] [589, 384]

172
1 [612, 187] [589, 169]
2 [504, 196] [483, 180]
3 [386, 180] [366, 164]
4 [564, 296] [539, 277]
5 [483, 260] [464, 247]
6 [445, 276] [424, 259]
7 [503, 367] [483, 352]
8 [383, 399] [364, 384]
9 [612, 399] [587, 382]

173
1 [616, 402] [592, 386]
2 [497, 370] [478, 352]
3 [388, 405] [365, 385]
4 [439, 270] [422, 256]
5 [491, 264] [469, 252]
6 [387, 180] [363, 162]
7 [500, 190] [481, 173]
8 [561, 289] [537, 275]
9 [612, 191] [590, 171]

174
1 [615, 193] [597, 173]
2 [497, 190] [479, 176]
3 [389, 177] [366, 163]
4 [558, 291] [539, 275]
5 [490, 268] [469, 254]
6 [448, 279] [424, 256]
7 [505, 373] [479, 354]
8 [385, 401] [362, 384]
9 [619, 404] [592, 387]

175
1 [389, 179] [367, 162]
2 [494, 186] [478, 171]
3 [608, 181] [588, 168]
4 [562, 296] [539, 276]
5 [496, 271] [473, 254]
6 [443, 275] [426, 261]
7 [617, 403] [586, 379]
8 [507, 370] [482, 352]
9 [386, 405] [361, 381]

176
1 [384, 174] [362, 161]
2 [491, 272] [466, 250]
3 [441, 268] [423, 254]
4 [387, 398] [364, 383]
5 [500, 373] [479, 350]
6 [611, 400] [586, 378]
7 [557, 287] [537, 270]
8 [493, 189] [474, 174]
9 [617, 190] [591, 171]

177
1 [616, 191] [594, 171]
2 [494, 187] [475, 168]
3 [383, 175] [363, 157]
4 [558, 293] [538, 275]
5 [492, 267] [468, 247]
6 [443, 275] [420, 252]
7 [504, 368] [485, 351]
8 [614, 404] [585, 379]
9 [388, 399] [361, 380]

178
1 [383, 398] [360, 378]
2 [501, 369] [481, 352]
3 [606, 398] [582, 379]
4 [444, 273] [418, 253]
5 [379, 175] [361, 160]
6 [487, 268] [464, 251]
7 [558, 289] [534, 274]
8 [493, 186] [471, 170]
9 [610, 183] [588, 165]

179
1 [611, 187] [588, 165]
2 [498, 191] [479, 174]
3 [388, 179] [360, 162]
4 [559, 290] [537, 274]
5 [483, 264] [460, 244]
6 [441, 272] [418, 252]
7 [613, 401] [585, 377]
8 [505, 369] [481, 351]
9 [388, 404] [360, 381]

180
1 [387, 181] [362, 157]
2 [443, 270] [416, 250]
3 [389, 400] [358, 378]
4 [503, 367] [474, 347]
5 [489, 268] [463, 245]
6 [493, 182] [470, 167]
7 [613, 189] [585, 166]
8 [563, 293] [534, 268]
9 [609, 398] [585, 379]

181
1 [387, 181] [364, 162]
2 [440, 270] [415, 252]
3 [489, 267] [467, 251]
4 [492, 184] [469, 167]
5 [608, 183] [582, 165]
6 [559, 291] [533, 270]
7 [608, 401] [584, 380]
8 [497, 363] [478, 346]
9 [384, 399] [361, 379]

182
1 [386, 402] [359, 383]
2 [500, 367] [473, 348]
3 [606, 394] [584, 379]
4 [557, 291] [534, 271]
5 [485, 264] [466, 249]
6 [432, 265] [412, 250]
7 [381, 174] [361, 156]
8 [492, 185] [470, 166]
9 [609, 185] [584, 163]

183
1 [380, 176] [361, 158]
2 [440, 269] [414, 251]
3 [492, 270] [469, 250]
4 [493, 184] [472, 167]
5 [607, 185] [585, 167]
6 [556, 290] [530, 271]
7 [605, 393] [586, 377]
8 [500, 368] [479, 351]
9 [382, 397] [359, 381]

184
1 [383, 399] [361, 379]
2 [493, 364] [475, 350]
3 [610, 397] [585, 381]
4 [557, 292] [534, 271]
5 [490, 186] [470, 166]
6 [615, 187] [587, 169]
7 [485, 263] [464, 248]
8 [430, 262] [411, 248]
9 [382, 178] [359, 154]

185
1 [388, 179] [358, 157]
2 [498, 192] [473, 173]
3 [613, 187] [586, 168]
4 [553, 289] [534, 269]
5 [607, 396] [576, 374]
6 [484, 265] [464, 247]
7 [433, 266] [412, 251]
8 [499, 372] [474, 349]
9 [378, 396] [357, 377]

186
1 [381, 394] [359, 378]
2 [495, 363] [471, 346]
3 [599, 391] [576, 374]
4 [552, 282] [531, 271]
5 [483, 264] [464, 246]
6 [431, 267] [410, 250]
7 [378, 172] [356, 153]
8 [494, 187] [467, 164]
9 [612, 187] [584, 164]

187
1 [608, 182] [583, 166]
2 [487, 181] [468, 164]
3 [376, 174] [357, 159]
4 [554, 287] [535, 268]
5 [484, 262] [465, 247]
6 [435, 264] [409, 248]
7 [610, 400] [579, 376]
8 [499, 366] [475, 346]
9 [386, 399] [359, 379]

188
1 [386, 402] [359, 377]
2 [495, 363] [473, 340]
3 [606, 392] [579, 376]
4 [554, 293] [531, 271]
5 [477, 255] [457, 240]
6 [430, 263] [409, 245]
7 [372, 168] [356, 151]
8 [487, 183] [465, 165]
9 [609, 182] [582, 162]

189
1 [603, 180] [583, 164]
2 [485, 182] [467, 167]
3 [376, 170] [357, 154]
4 [481, 256] [459, 243]
5 [548, 280] [529, 265]
6 [435, 266] [410, 248]
7 [496, 364] [468, 341]
8 [603, 393] [581, 376]
9 [372, 391] [349, 374]

190
1 [372, 386] [352, 372]
2 [491, 359] [472, 342]
3 [599, 389] [578, 371]
4 [546, 280] [525, 265]
5 [478, 261] [461, 248]
6 [425, 259] [407, 246]
7 [379, 175] [355, 153]
8 [491, 186] [472, 168]
9 [606, 180] [580, 164]

191
1 [603, 179] [581, 160]
2 [485, 177] [469, 164]
3 [371, 169] [352, 153]
4 [548, 282] [525, 265]
5 [480, 262] [460, 241]
6 [433, 263] [408, 246]
7 [369, 391] [346, 371]
8 [499, 365] [472, 343]
9 [595, 385] [573, 371]

192
1 [603, 177] [582, 159]
2 [487, 177] [462, 158]
3 [377, 169] [353, 153]
4 [546, 283] [529, 265]
5 [471, 255] [452, 238]
6 [421, 257] [403, 241]
7 [598, 389] [575, 370]
8 [489, 358] [466, 340]
9 [369, 387] [347, 370]

193
1 [380, 172] [351, 150]
2 [489, 177] [460, 165]
3 [601, 175] [574, 154]
4 [544, 277] [524, 262]
5 [481, 261] [454, 240]
6 [424, 257] [403, 242]
7 [366, 387] [343, 369]
8 [492, 361] [467, 342]
9 [597, 387] [570, 367]

194
1 [605, 181] [577, 158]
2 [484, 180] [461, 161]
3 [378, 171] [354, 153]
4 [545, 279] [521, 261]
5 [479, 256] [453, 239]
6 [431, 262] [407, 241]
7 [595, 385] [572, 368]
8 [491, 362] [465, 340]
9 [379, 396] [351, 371]

195
1 [607, 184] [577, 162]
2 [487, 181] [465, 163]
3 [369, 165] [348, 145]
4 [432, 263] [408, 243]
5 [484, 261] [452, 238]
6 [546, 276] [518, 258]
7 [597, 389] [574, 367]
8 [489, 360] [467, 341]
9 [374, 391] [346, 368]

196
1 [603, 179] [572, 156]
2 [488, 180] [461, 159]
3 [369, 166] [348, 147]
4 [544, 281] [518, 257]
5 [478, 257] [452, 238]
6 [427, 259] [401, 241]
7 [594, 386] [568, 363]
8 [492, 360] [462, 337]
9 [380, 394] [346, 366]

197
1 [598, 178] [571, 152]
2 [487, 181] [463, 161]
3 [367, 167] [347, 145]
4 [423, 259] [400, 243]
5 [484, 265] [454, 238]
6 [546, 280] [518, 258]
7 [602, 393] [575, 369]
8 [484, 354] [463, 337]
9 [373, 387] [345, 366]

198
1 [369, 384] [345, 361]
2 [492, 352] [466, 335]
3 [592, 383] [565, 361]
4 [544, 279] [521, 261]
5 [476, 253] [455, 237]
6 [422, 254] [398, 240]
7 [369, 168] [342, 145]
8 [484, 178] [458, 156]
9 [597, 175] [573, 153]

199
1 [597, 172] [572, 154]
2 [485, 179] [456, 158]
3 [369, 167] [346, 148]
4 [542, 274] [520, 257]
5 [474, 256] [451, 233]
6 [424, 257] [400, 240]
7 [595, 386] [570, 367]
8 [485, 356] [461, 336]
9 [367, 384] [341, 360]

200
1 [370, 385] [344, 363]
2 [483, 352] [459, 334]
3 [590, 383] [565, 361]
4 [537, 272] [519, 258]
5 [467, 252] [446, 234]
6 [426, 258] [402, 240]
7 [369, 163] [345, 146]
8 [481, 172] [454, 153]
9 [594, 171] [568, 151]

201
1 [592, 172] [568, 151]
2 [481, 177] [458, 154]
3 [375, 171] [346, 148]
4 [540, 275] [520, 258]
5 [474, 256] [445, 231]
6 [423, 258] [401, 239]
7 [588, 382] [568, 364]
8 [482, 354] [456, 332]
9 [371, 385] [342, 364]

202
1 [371, 384] [338, 362]
2 [487, 351] [463, 335]
3 [586, 377] [564, 361]
4 [534, 272] [514, 254]
5 [468, 249] [447, 234]
6 [424, 258] [399, 237]
7 [373, 166] [348, 148]
8 [482, 175] [457, 156]
9 [594, 171] [572, 154]

203
1 [596, 174] [572, 152]
2 [475, 172] [456, 153]
3 [374, 168] [348, 148]
4 [543, 278] [518, 258]
5 [467, 249] [447, 232]
6 [422, 255] [399, 235]
7 [488, 354] [462, 335]
8 [591, 380] [564, 362]
9 [366, 382] [343, 367]

204
1 [362, 381] [342, 363]
2 [487, 356] [464, 334]
3 [590, 379] [569, 363]
4 [533, 270] [515, 254]
5 [468, 250] [452, 231]
6 [420, 253] [402, 237]
7 [365, 162] [347, 147]
8 [482, 171] [456, 153]
9 [591, 168] [569, 152]

205
1 [595, 173] [573, 152]
2 [479, 174] [457, 154]
3 [372, 167] [345, 145]
4 [542, 276] [520, 257]
5 [475, 254] [447, 237]
6 [422, 252] [401, 237]
7 [486, 354] [458, 332]
8 [594, 382] [564, 362]
9 [371, 385] [342, 363]

206
1 [367, 385] [342, 363]
2 [486, 354] [463, 335]
3 [595, 384] [570, 364]
4 [538, 274] [519, 253]
5 [470, 254] [447, 232]
6 [418, 252] [393, 231]
7 [367, 163] [338, 139]
8 [475, 171] [454, 150]
9 [591, 173] [569, 146]

207
1 [592, 175] [572, 151]
2 [475, 173] [456, 154]
3 [369, 165] [349, 146]
4 [540, 271] [511, 253]
5 [474, 249] [443, 227]
6 [425, 260] [396, 234]
7 [591, 383] [564, 360]
8 [496, 361] [461, 335]
9 [368, 385] [339, 363]

208
1 [595, 175] [576, 154]
2 [485, 179] [457, 157]
3 [378, 168] [350, 144]
4 [536, 272] [512, 251]
5 [470, 249] [445, 229]
6 [426, 257] [400, 234]
7 [364, 384] [342, 360]
8 [500, 366] [462, 336]
9 [586, 378] [562, 357]

209
1 [597, 177] [566, 150]
2 [481, 176] [451, 151]
3 [372, 166] [337, 140]
4 [535, 271] [512, 252]
5 [457, 236] [434, 220]
6 [417, 251] [393, 234]
7 [490, 355] [458, 332]
8 [363, 381] [338, 364]
9 [585, 379] [561, 360]

210
1 [589, 381] [563, 358]
2 [489, 353] [460, 331]
3 [358, 377] [336, 359]
4 [417, 253] [393, 228]
5 [466, 248] [445, 228]
6 [538, 275] [515, 254]
7 [479, 174] [455, 151]
8 [367, 162] [334, 135]
9 [593, 167] [563, 144]

211
1 [593, 170] [564, 146]
2 [476, 170] [451, 149]
3 [368, 163] [338, 139]
4 [542, 280] [513, 250]
5 [470, 252] [441, 228]
6 [430, 255] [397, 235]
7 [593, 379] [563, 356]
8 [486, 354] [455, 327]
9 [366, 382] [338, 360]

212
1 [367, 380] [339, 359]
2 [495, 360] [455, 331]
3 [588, 379] [561, 358]
4 [431, 260] [398, 232]
5 [464, 248] [441, 231]
6 [534, 266] [508, 246]
7 [477, 167] [452, 147]
8 [376, 165] [337, 137]
9 [588, 163] [562, 145]

213
1 [590, 168] [563, 144]
2 [477, 169] [448, 145]
3 [364, 160] [335, 136]
4 [468, 253] [440, 226]
5 [542, 278] [513, 256]
6 [416, 250] [393, 229]
7 [490, 354] [458, 329]
8 [587, 383] [559, 357]
9 [366, 383] [335, 357]

214
1 [367, 384] [337, 360]
2 [486, 354] [456, 329]
3 [588, 378] [563, 356]
4 [541, 278] [515, 252]
5 [471, 251] [445, 230]
6 [428, 261] [398, 232]
7 [363, 158] [331, 133]
8 [476, 170] [448, 146]
9 [593, 172] [557, 144]

215
1 [593, 172] [562, 143]
2 [482, 173] [448, 144]
3 [361, 157] [335, 136]
4 [464, 247] [438, 222]
5 [543, 281] [519, 258]
6 [426, 260] [394, 233]
7 [488, 350] [454, 327]
8 [366, 380] [335, 358]
9 [589, 377] [562, 354]

216
1 [591, 381] [563, 359]
2 [492, 357] [458, 330]
3 [365, 381] [337, 357]
4 [419, 250] [392, 231]
5 [466, 249] [440, 224]
6 [533, 271] [509, 247]
7 [583, 161] [560, 139]
8 [473, 166] [447, 149]
9 [360, 157] [332, 135]

217
1 [580, 157] [557, 137]
2 [470, 170] [445, 148]
3 [359, 156] [335, 134]
4 [536, 276] [515, 255]
5 [456, 244] [436, 221]
6 [414, 252] [390, 228]
7 [585, 376] [555, 355]
8 [488, 353] [455, 327]
9 [367, 385] [333, 353]

218
1 [368, 387] [334, 360]
2 [481, 349] [454, 329]
3 [583, 377] [557, 356]
4 [535, 271] [511, 250]
5 [459, 239] [433, 217]
6 [415, 251] [392, 228]
7 [356, 151] [328, 129]
8 [467, 161] [441, 138]
9 [581, 161] [559, 137]

219
1 [585, 162] [562, 141]
2 [465, 162] [448, 147]
3 [358, 150] [334, 131]
4 [532, 265] [506, 247]
5 [461, 240] [435, 219]
6 [421, 255] [393, 230]
7 [582, 374] [555, 349]
8 [482, 351] [450, 321]
9 [359, 380] [330, 354]

220
1 [357, 375] [329, 353]
2 [478, 347] [452, 326]
3 [582, 377] [560, 357]
4 [535, 268] [507, 246]
5 [458, 240] [437, 219]
6 [414, 247] [388, 224]
7 [351, 148] [327, 128]
8 [467, 160] [440, 136]
9 [578, 161] [551, 137]

221
1 [588, 160] [556, 138]
2 [468, 161] [443, 140]
3 [351, 153] [325, 125]
4 [537, 272] [506, 240]
5 [455, 238] [436, 215]
6 [413, 243] [389, 221]
7 [578, 370] [546, 343]
8 [469, 344] [442, 316]
9 [352, 372] [327, 346]

222
1 [355, 372] [327, 346]
2 [482, 348] [442, 315]
3 [581, 375] [547, 347]
4 [528, 264] [503, 239]
5 [456, 243] [435, 217]
6 [415, 250] [387, 226]
7 [355, 152] [329, 128]
8 [465, 161] [438, 137]
9 [578, 161] [548, 134]

223
1 [578, 162] [553, 135]
2 [464, 159] [440, 135]
3 [352, 151] [327, 130]
4 [535, 273] [509, 249]
5 [462, 243] [435, 218]
6 [419, 257] [386, 228]
7 [573, 369] [555, 351]
8 [472, 346] [447, 323]
9 [356, 379] [328, 349]

224
1 [353, 152] [328, 129]
2 [461, 162] [444, 145]
3 [581, 159] [554, 136]
4 [534, 271] [504, 242]
5 [454, 240] [429, 214]
6 [408, 246] [382, 223]
7 [354, 374] [328, 348]
8 [468, 342] [443, 319]
9 [576, 369] [549, 343]

225
1 [578, 158] [552, 134]
2 [462, 161] [435, 134]
3 [350, 150] [321, 125]
4 [535, 273] [504, 240]
5 [460, 245] [428, 216]
6 [409, 248] [383, 223]
7 [354, 374] [334, 349]
8 [470, 342] [444, 314]
9 [573, 373] [545, 345]

226
1 [583, 161] [548, 133]
2 [465, 162] [436, 138]
3 [360, 153] [326, 121]
4 [541, 270] [503, 244]
5 [459, 239] [428, 218]
6 [414, 248] [381, 222]
7 [579, 368] [549, 345]
8 [469, 340] [438, 314]
9 [358, 373] [327, 346]

227
1 [352, 374] [328, 352]
2 [462, 339] [441, 318]
3 [570, 362] [548, 343]
4 [526, 263] [504, 244]
5 [452, 239] [423, 214]
6 [409, 247] [381, 218]
7 [354, 153] [321, 125]
8 [473, 172] [434, 137]
9 [582, 163] [549, 137]

228
1 [572, 161] [543, 131]
2 [457, 160] [430, 133]
3 [350, 153] [316, 124]
4 [529, 264] [497, 236]
5 [452, 240] [424, 214]
6 [409, 247] [376, 218]
7 [578, 370] [546, 343]
8 [457, 330] [430, 312]
9 [346, 362] [317, 339]

229
1 [571, 156] [547, 131]
2 [461, 164] [433, 135]
3 [354, 155] [326, 128]
4 [528, 266] [494, 230]
5 [444, 236] [415, 208]
6 [406, 248] [380, 222]
7 [572, 370] [538, 341]
8 [462, 337] [438, 318]
9 [354, 374] [324, 346]

230
1 [350, 151] [326, 127]
2 [460, 160] [436, 139]
3 [573, 154] [547, 131]
4 [526, 261] [495, 233]
5 [451, 236] [422, 215]
6 [404, 243] [375, 219]
7 [571, 368] [540, 343]
8 [466, 334] [439, 314]
9 [342, 363] [315, 338]

231
1 [343, 364] [317, 342]
2 [461, 330] [435, 310]
3 [567, 365] [544, 345]
4 [521, 263] [493, 232]
5 [451, 238] [419, 210]
6 [400, 236] [373, 216]
7 [351, 148] [327, 126]
8 [457, 157] [431, 135]
9 [566, 146] [542, 126]

232
1 [567, 147] [541, 125]
2 [456, 151] [430, 130]
3 [344, 145] [322, 123]
4 [450, 234] [419, 208]
5 [529, 264] [494, 237]
6 [405, 239] [374, 217]
7 [570, 366] [538, 341]
8 [462, 334] [442, 314]
9 [346, 368] [318, 342]

233
1 [346, 369] [320, 344]
2 [463, 335] [435, 310]
3 [567, 361] [537, 339]
4 [527, 264] [495, 235]
5 [447, 238] [420, 211]
6 [399, 236] [376, 217]
7 [343, 144] [320, 125]
8 [460, 157] [433, 134]
9 [571, 152] [540, 123]

234
1 [573, 154] [540, 126]
2 [454, 154] [429, 133]
3 [345, 146] [320, 123]
4 [400, 236] [372, 212]
5 [445, 236] [420, 209]
6 [522, 262] [495, 235]
7 [567, 362] [545, 344]
8 [454, 331] [426, 308]
9 [338, 362] [314, 341]

235
1 [339, 362] [318, 342]
2 [457, 332] [432, 311]
3 [564, 362] [533, 337]
4 [522, 262] [493, 234]
5 [446, 231] [422, 214]
6 [398, 236] [372, 218]
7 [340, 140] [312, 121]
8 [455, 153] [422, 128]
9 [565, 147] [541, 122]

236
1 [570, 150] [541, 125]
2 [457, 156] [430, 132]
3 [344, 147] [310, 120]
4 [519, 257] [495, 238]
5 [449, 231] [418, 208]
6 [397, 237] [368, 212]
7 [453, 328] [424, 309]
8 [335, 356] [310, 338]
9 [558, 355] [533, 335]

237
1 [562, 361] [537, 338]
2 [456, 333] [424, 308]
3 [339, 360] [309, 335]
4 [389, 230] [363, 209]
5 [444, 228] [417, 208]
6 [512, 251] [486, 232]
7 [565, 147] [537, 123]
8 [453, 153] [423, 129]
9 [341, 140] [317, 118]

238
1 [346, 145] [313, 121]
2 [458, 154] [427, 131]
3 [569, 148] [541, 125]
4 [521, 263] [489, 232]
5 [446, 231] [414, 205]
6 [404, 238] [368, 211]
7 [564, 360] [536, 339]
8 [456, 331] [423, 307]
9 [337, 358] [308, 336]

239
1 [336, 360] [308, 334]
2 [454, 327] [423, 306]
3 [565, 363] [535, 335]
4 [521, 263] [486, 229]
5 [442, 231] [413, 207]
6 [394, 233] [362, 211]
7 [342, 139] [315, 122]
8 [453, 154] [423, 128]
9 [570, 152] [533, 124]

240
1 [570, 154] [535, 125]
2 [455, 157] [420, 130]
3 [343, 143] [315, 121]
4 [522, 264] [486, 233]
5 [451, 236] [416, 205]
6 [400, 237] [365, 209]
7 [455, 329] [419, 305]
8 [565, 364] [528, 335]
9 [339, 362] [311, 337]

241
1 [336, 362] [306, 337]
2 [451, 331] [421, 306]
3 [560, 356] [529, 336]
4 [505, 244] [477, 226]
5 [433, 217] [413, 206]
6 [388, 231] [370, 215]
7 [336, 136] [307, 119]
8 [445, 145] [413, 124]
9 [561, 145] [533, 123]

242
1 [561, 143] [534, 125]
2 [442, 146] [418, 129]
3 [338, 138] [305, 115]
4 [438, 226] [413, 209]
5 [398, 236] [363, 210]
6 [500, 243] [471, 222]
7 [564, 360] [530, 336]
8 [453, 328] [422, 309]
9 [338, 360] [304, 335]

243
1 [341, 359] [308, 337]
2 [453, 327] [422, 308]
3 [558, 353] [529, 336]
4 [513, 251] [476, 228]
5 [445, 228] [414, 207]
6 [398, 236] [364, 213]
7 [343, 140] [307, 118]
8 [459, 154] [420, 131]
9 [563, 141] [535, 127]

244
1 [561, 142] [532, 128]
2 [457, 149] [421, 127]
3 [344, 140] [309, 120]
4 [515, 251] [478, 229]
5 [443, 228] [413, 208]
6 [400, 236] [364, 208]
7 [341, 359] [304, 337]
8 [459, 332] [425, 309]
9 [560, 354] [533, 333]

245
1 [561, 354] [536, 337]
2 [456, 328] [427, 311]
3 [339, 358] [309, 337]
4 [405, 237] [361, 210]
5 [450, 229] [416, 208]
6 [509, 248] [474, 231]
7 [462, 153] [422, 132]
8 [346, 144] [306, 117]
9 [557, 138] [533, 124]

246
1 [556, 137] [529, 124]
2 [457, 153] [421, 127]
3 [348, 145] [307, 117]
4 [516, 249] [483, 227]
5 [443, 230] [413, 209]
6 [399, 240] [364, 214]
7 [565, 360] [536, 339]
8 [455, 330] [419, 310]
9 [338, 352] [306, 335]

247
1 [338, 356] [305, 335]
2 [464, 329] [427, 308]
3 [558, 353] [532, 336]
4 [505, 249] [481, 229]
5 [446, 228] [409, 210]
6 [392, 230] [368, 213]
7 [335, 137] [306, 116]
8 [450, 150] [414, 123]
9 [551, 138] [528, 119]

248
1 [552, 138] [530, 122]
2 [448, 147] [419, 127]
3 [328, 132] [303, 114]
4 [501, 246] [470, 224]
5 [439, 222] [412, 206]
6 [392, 233] [364, 212]
7 [333, 354] [304, 335]
8 [446, 323] [415, 304]
9 [548, 350] [523, 335]

249
1 [549, 349] [522, 331]
2 [457, 330] [417, 302]
3 [328, 352] [294, 336]
4 [402, 237] [363, 212]
5 [436, 221] [410, 205]
6 [506, 242] [474, 226]
7 [440, 144] [414, 126]
8 [330, 129] [299, 114]
9 [554, 136] [525, 123]

250
1 [555, 135] [523, 123]
2 [445, 138] [410, 119]
3 [332, 134] [297, 114]
4 [510, 245] [474, 224]
5 [438, 219] [399, 203]
6 [388, 219] [359, 205]
7 [336, 355] [297, 334]
8 [451, 323] [414, 307]
9 [554, 347] [525, 330]

251