1
1[596, 358][326, 536]
2[917, 381][834, 555]

2
1[583, 365][320, 537]
2[914, 382][829, 557]

3
1[584, 366][318, 535]
2[915, 379][828, 554]

4
1[578, 367][316, 535]
2[909, 384][825, 550]

5
1[567, 365][305, 540]
2[908, 381][826, 553]

6
1[553, 380][303, 540]
2[904, 384][821, 556]

7
1[547, 381][304, 540]
2[903, 380][820, 553]

8
1[544, 382][295, 541]
2[905, 377][817, 553]

9
1[544, 379][294, 543]
2[902, 376][812, 554]

10
1[538, 379][290, 542]
2[899, 374][809, 555]

11
1[534, 379][288, 546]
2[894, 377][807, 557]

12
1[551, 370][283, 544]
2[891, 374][800, 554]

13
1[543, 373][279, 543]
2[886, 373][792, 557]

14
1[538, 370][272, 541]
2[884, 371][788, 554]

15
1[546, 363][267, 543]
2[881, 369][785, 555]

16
1[545, 363][265, 542]
2[877, 370][778, 556]

17
1[539, 362][260, 541]
2[875, 366][774, 553]

18
1[528, 366][259, 539]
2[869, 366][769, 552]

19
1[528, 365][255, 541]
2[868, 364][766, 550]

20
1[529, 361][254, 538]
2[864, 367][760, 559]

21
1[512, 365][254, 536]
2[861, 365][756, 554]

22
1[516, 365][256, 531]
2[854, 365][753, 550]

23
1[520, 363][255, 531]
2[853, 361][751, 551]

24
1[519, 360][257, 531]
2[854, 362][751, 549]

25
1[518, 357][256, 529]
2[852, 362][751, 543]

26
1[518, 358][260, 524]
2[850, 357][746, 543]

27
1[519, 353][257, 525]
2[849, 356][744, 540]

28
1[522, 352][255, 524]
2[847, 360][746, 536]

29
1[520, 352][258, 522]
2[849, 354][739, 540]

30
1[484, 370][251, 519]
2[847, 353][737, 545]

31
1[480, 375][256, 520]
2[845, 357][738, 535]

32
1[507, 355][245, 527]
2[841, 352][735, 540]

33
1[491, 368][247, 530]
2[838, 354][731, 543]

34
1[474, 377][248, 525]
2[823, 375][730, 535]

35
1[495, 364][248, 521]
2[822, 370][731, 538]
