1
1 [149, 313] [409, 308]
2 [718, 323] [648, 344]
3 [758, 309] [771, 322]
4 [1265, 295] [1203, 293]

2
1 [172, 312] [410, 311]
2 [720, 323] [646, 347]
3 [756, 311] [769, 318]
4 [1264, 294] [1198, 294]

3
1 [175, 309] [413, 309]
2 [715, 319] [643, 346]
3 [757, 309] [766, 319]
4 [1263, 294] [1192, 292]

4
1 [189, 310] [412, 310]
2 [720, 317] [642, 346]
3 [747, 310] [768, 323]
4 [1261, 295] [1202, 293]

5
1 [178, 310] [415, 310]
2 [720, 320] [644, 348]
3 [759, 307] [771, 320]
4 [1262, 294] [1184, 292]

6
1 [195, 310] [415, 312]
2 [710, 323] [635, 347]
3 [759, 307] [770, 322]
4 [1264, 295] [1190, 294]

7
1 [212, 310] [413, 309]
2 [716, 318] [640, 348]
3 [757, 308] [767, 323]
4 [1264, 296] [1186, 293]

8
1 [207, 310] [415, 309]
2 [719, 321] [637, 347]
3 [759, 311] [769, 323]
4 [1258, 296] [1189, 292]

9
1 [195, 310] [408, 310]
2 [720, 321] [642, 349]
3 [759, 308] [771, 323]
4 [1264, 296] [1190, 292]

10
1 [199, 311] [417, 307]
2 [711, 323] [634, 348]
3 [763, 309] [773, 320]
4 [1261, 295] [1177, 289]

11
1 [173, 312] [417, 310]
2 [714, 320] [634, 348]
3 [759, 308] [771, 320]
4 [1263, 294] [1189, 292]

12
1 [200, 311] [408, 311]
2 [717, 318] [637, 345]
3 [759, 312] [771, 322]
4 [1261, 294] [1194, 289]

13
1 [200, 310] [415, 310]
2 [714, 320] [629, 348]
3 [756, 306] [771, 323]
4 [1261, 296] [1183, 292]

14
1 [196, 311] [416, 311]
2 [715, 316] [633, 349]
3 [758, 306] [771, 323]
4 [1264, 293] [1183, 291]

15
1 [181, 311] [418, 308]
2 [714, 319] [627, 347]
3 [759, 309] [773, 323]
4 [1259, 295] [1170, 288]

16
1 [189, 308] [417, 308]
2 [712, 312] [627, 350]
3 [759, 311] [773, 323]
4 [1261, 295] [1167, 289]

17
1 [180, 308] [425, 310]
2 [708, 316] [625, 347]
3 [759, 310] [775, 325]
4 [1261, 294] [1167, 290]

18
1 [182, 311] [421, 308]
2 [720, 317] [624, 349]
3 [758, 310] [772, 324]
4 [1260, 296] [1171, 291]

19
1 [185, 313] [429, 312]
2 [715, 318] [619, 351]
3 [756, 310] [774, 328]
4 [1264, 294] [1168, 290]

20
1 [189, 309] [429, 308]
2 [718, 319] [619, 352]
3 [760, 311] [766, 323]
4 [1263, 294] [1165, 288]

21
1 [189, 308] [419, 308]
2 [714, 317] [625, 349]
3 [757, 310] [766, 325]
4 [1262, 293] [1170, 290]

22
1 [207, 309] [417, 309]
2 [714, 317] [621, 348]
3 [757, 310] [765, 322]
4 [1265, 294] [1164, 292]

23
1 [205, 308] [423, 308]
2 [710, 316] [617, 349]
3 [756, 309] [771, 325]
4 [1263, 293] [1174, 291]

24
1 [207, 307] [420, 306]
2 [714, 319] [622, 349]
3 [758, 310] [771, 324]
4 [1264, 294] [1161, 290]

25
1 [193, 311] [423, 308]
2 [717, 319] [611, 347]
3 [754, 311] [770, 324]
4 [1265, 293] [1155, 292]

26
1 [195, 310] [422, 308]
2 [710, 323] [618, 348]
3 [748, 312] [761, 329]
4 [1264, 294] [1159, 292]

27
1 [185, 309] [416, 308]
2 [712, 319] [621, 349]
3 [751, 311] [769, 325]
4 [1264, 296] [1153, 291]

28
1 [217, 308] [425, 310]
2 [718, 323] [617, 351]
3 [757, 310] [769, 329]
4 [1265, 293] [1152, 292]

29
1 [225, 311] [429, 308]
2 [710, 322] [622, 347]
3 [749, 309] [769, 327]
4 [1264, 294] [1153, 293]

30
1 [215, 305] [425, 306]
2 [715, 320] [620, 349]
3 [745, 311] [766, 326]
4 [1266, 296] [1146, 290]

31
1 [238, 306] [435, 309]
2 [720, 325] [588, 352]
3 [753, 311] [774, 326]
4 [1264, 295] [1136, 296]

32
1 [217, 309] [438, 308]
2 [710, 321] [588, 349]
3 [750, 311] [771, 330]
4 [1262, 293] [1137, 292]

33
1 [225, 308] [437, 308]
2 [703, 323] [609, 350]
3 [753, 306] [777, 328]
4 [1262, 294] [1135, 294]

34
1 [235, 309] [441, 308]
2 [712, 321] [583, 351]
3 [758, 308] [782, 328]
4 [1267, 293] [1133, 294]
5 [1, 317] [31, 316]

35
1 [255, 306] [446, 307]
2 [710, 323] [582, 352]
3 [751, 309] [775, 334]
4 [1266, 293] [1125, 291]
5 [3, 318] [33, 316]

36
1 [253, 307] [443, 307]
2 [719, 319] [583, 354]
3 [747, 311] [779, 330]
4 [1265, 296] [1135, 294]
5 [4, 317] [32, 317]

37
1 [250, 306] [453, 304]
2 [714, 318] [573, 351]
3 [763, 308] [783, 330]
4 [1264, 294] [1128, 292]
5 [0, 316] [34, 317]

38
1 [251, 307] [441, 306]
2 [713, 324] [575, 353]
3 [752, 306] [787, 333]
4 [1264, 292] [1128, 295]
5 [2, 315] [39, 318]

39
1 [227, 306] [446, 300]
2 [713, 323] [573, 351]
3 [755, 309] [779, 334]
4 [1264, 292] [1129, 294]
5 [1, 317] [35, 316]

40
1 [242, 308] [462, 308]
2 [712, 323] [559, 352]
3 [759, 310] [782, 331]
4 [1264, 292] [1123, 294]
5 [4, 316] [42, 314]

41
1 [241, 306] [460, 307]
2 [710, 323] [563, 353]
3 [743, 309] [785, 331]
4 [1266, 291] [1125, 293]
5 [3, 316] [41, 314]

42
1 [235, 306] [468, 306]
2 [722, 322] [561, 350]
3 [756, 304] [782, 326]
4 [1265, 292] [1121, 294]
5 [2, 316] [43, 315]

43
1 [267, 305] [468, 306]
2 [720, 325] [549, 356]
3 [747, 308] [782, 328]
4 [1265, 292] [1114, 292]
5 [3, 314] [43, 315]

44
1 [251, 307] [486, 306]
2 [720, 320] [549, 352]
3 [755, 308] [779, 328]
4 [1266, 292] [1127, 294]
5 [4, 316] [45, 315]

45
1 [254, 302] [473, 308]
2 [720, 322] [556, 353]
3 [737, 305] [779, 333]
4 [1266, 289] [1117, 296]
5 [2, 316] [39, 315]

46
1 [273, 306] [476, 308]
2 [717, 319] [540, 358]
3 [737, 308] [779, 332]
4 [1264, 291] [1119, 294]
5 [2, 315] [43, 314]

47
1 [268, 307] [473, 308]
2 [714, 325] [536, 356]
3 [734, 308] [778, 333]
4 [1264, 290] [1119, 293]
5 [3, 315] [42, 316]

48
1 [253, 307] [470, 309]
2 [711, 326] [541, 356]
3 [734, 311] [781, 330]
4 [1264, 289] [1133, 297]
5 [3, 316] [42, 312]

49
1 [270, 306] [478, 306]
2 [711, 325] [536, 354]
3 [733, 311] [785, 335]
4 [1265, 289] [1123, 295]
5 [4, 316] [54, 314]

50
1 [262, 305] [482, 306]
2 [712, 323] [540, 355]
3 [724, 313] [782, 331]
4 [1263, 289] [1117, 296]
5 [5, 316] [51, 316]

51
1 [236, 305] [474, 308]
2 [698, 328] [534, 355]
3 [729, 311] [784, 333]
4 [1263, 289] [1122, 294]
5 [3, 314] [45, 315]

52
1 [261, 306] [478, 306]
2 [713, 329] [522, 357]
3 [724, 311] [784, 332]
4 [1266, 288] [1122, 297]
5 [5, 315] [51, 315]

53
1 [275, 304] [476, 306]
2 [711, 324] [521, 356]
3 [724, 310] [787, 331]
4 [1265, 289] [1123, 297]
5 [5, 316] [54, 313]

54
1 [238, 306] [479, 305]
2 [708, 323] [522, 355]
3 [726, 310] [789, 334]
4 [1263, 289] [1110, 296]
5 [4, 315] [53, 315]

55
1 [275, 301] [476, 305]
2 [702, 325] [512, 356]
3 [722, 309] [788, 332]
4 [1262, 291] [1114, 295]
5 [2, 314] [50, 318]

56
1 [264, 304] [476, 305]
2 [718, 323] [518, 357]
3 [724, 310] [783, 335]
4 [1262, 292] [1099, 296]
5 [2, 315] [56, 313]

57
1 [261, 306] [478, 307]
2 [703, 327] [516, 357]
3 [720, 314] [778, 337]
4 [1262, 290] [1121, 298]
5 [2, 316] [52, 315]

58
1 [269, 304] [506, 306]
2 [706, 324] [500, 361]
3 [724, 312] [792, 335]
4 [1262, 289] [1082, 296]
5 [3, 316] [60, 313]

59
1 [274, 306] [481, 306]
2 [700, 326] [501, 359]
3 [726, 308] [782, 338]
4 [1264, 292] [1083, 296]
5 [3, 316] [57, 314]

60
1 [270, 303] [496, 308]
2 [712, 325] [496, 359]
3 [721, 313] [784, 340]
4 [1261, 292] [1086, 296]
5 [2, 316] [61, 316]

61
1 [299, 301] [506, 307]
2 [692, 330] [487, 362]
3 [722, 311] [785, 337]
4 [1257, 292] [1077, 299]
5 [1, 316] [55, 314]

62
1 [290, 304] [517, 308]
2 [696, 325] [484, 362]
3 [727, 311] [787, 335]
4 [1263, 292] [1075, 296]
5 [4, 315] [45, 313]

63
1 [260, 308] [486, 308]
2 [703, 326] [488, 361]
3 [724, 313] [785, 339]
4 [1257, 292] [1076, 299]
5 [3, 313] [54, 315]

64
1 [280, 305] [500, 308]
2 [702, 325] [484, 366]
3 [724, 308] [784, 338]
4 [1257, 292] [1066, 297]
5 [5, 314] [68, 313]

65
1 [278, 301] [494, 306]
2 [696, 333] [475, 366]
3 [719, 311] [783, 337]
4 [1260, 292] [1078, 298]
5 [2, 316] [59, 313]

66
1 [272, 306] [492, 306]
2 [707, 325] [477, 362]
3 [722, 310] [785, 342]
4 [1262, 289] [1073, 299]
5 [2, 315] [69, 312]

67
1 [284, 302] [498, 311]
2 [702, 332] [468, 363]
3 [724, 315] [781, 340]
4 [1265, 289] [1071, 297]
5 [6, 316] [69, 312]

68
1 [292, 306] [497, 309]
2 [699, 332] [464, 366]
3 [722, 316] [787, 342]
4 [1260, 292] [1068, 299]
5 [3, 316] [67, 313]

69
1 [289, 307] [501, 308]
2 [700, 326] [466, 364]
3 [724, 314] [790, 340]
4 [1262, 289] [1070, 300]
5 [3, 314] [67, 314]

70
1 [292, 304] [516, 308]
2 [696, 331] [456, 363]
3 [718, 313] [797, 347]
4 [1263, 290] [1064, 300]
5 [5, 315] [75, 313]

71
1 [287, 305] [518, 308]
2 [698, 332] [455, 364]
3 [724, 310] [797, 343]
4 [1264, 291] [1065, 297]
5 [5, 313] [75, 312]

72
1 [300, 306] [520, 308]
2 [694, 338] [456, 361]
3 [718, 310] [797, 349]
4 [1263, 292] [1062, 299]
5 [4, 316] [70, 313]

73
1 [350, 301] [520, 307]
2 [706, 338] [445, 366]
3 [709, 317] [799, 347]
4 [1245, 293] [1060, 300]
5 [6, 313] [73, 314]

74
1 [320, 303] [525, 308]
2 [696, 342] [448, 363]
3 [722, 316] [801, 348]
4 [1259, 292] [1058, 298]
5 [7, 316] [73, 313]

75
1 [320, 305] [518, 308]
2 [686, 346] [447, 363]
3 [710, 316] [797, 348]
4 [1257, 292] [1062, 299]
5 [5, 317] [67, 313]

76
1 [339, 304] [530, 311]
2 [702, 335] [440, 366]
3 [715, 317] [808, 352]
4 [1256, 292] [1058, 299]
5 [3, 317] [74, 315]

77
1 [335, 304] [529, 310]
2 [698, 341] [437, 364]
3 [719, 316] [804, 351]
4 [1260, 291] [1052, 299]
5 [7, 313] [73, 316]

78
1 [318, 306] [532, 312]
2 [698, 338] [436, 365]
3 [718, 320] [799, 352]
4 [1242, 295] [1053, 299]
5 [5, 313] [78, 313]

79
1 [350, 303] [534, 310]
2 [707, 336] [423, 364]
3 [715, 320] [815, 351]
4 [1229, 296] [1048, 300]
5 [7, 316] [72, 315]

80
1 [347, 306] [519, 310]
2 [702, 342] [433, 366]
3 [712, 320] [814, 353]
4 [1250, 293] [1052, 298]
5 [7, 316] [73, 313]

81
1 [344, 304] [532, 311]
2 [705, 336] [427, 364]
3 [720, 320] [816, 352]
4 [1236, 294] [1051, 301]
5 [5, 315] [73, 314]

82
1 [347, 304] [534, 312]
2 [704, 342] [417, 369]
3 [702, 319] [812, 349]
4 [1216, 299] [1054, 301]
5 [5, 315] [62, 313]

83
1 [335, 304] [541, 311]
2 [688, 349] [415, 368]
3 [708, 320] [816, 349]
4 [1236, 298] [1052, 298]
5 [8, 314] [79, 313]

84
1 [345, 301] [532, 308]
2 [699, 344] [416, 366]
3 [721, 323] [810, 352]
4 [1233, 296] [1056, 299]
5 [5, 316] [77, 313]

85
1 [358, 301] [519, 308]
2 [702, 344] [401, 368]
3 [725, 320] [820, 357]
4 [1200, 296] [1051, 298]
5 [9, 313] [75, 314]

86
1 [362, 304] [532, 311]
2 [702, 343] [409, 366]
3 [721, 320] [818, 352]
4 [1224, 299] [1050, 298]
5 [9, 314] [73, 314]

87
1 [362, 303] [509, 307]
2 [692, 347] [402, 366]
3 [710, 315] [814, 353]
4 [1222, 298] [1044, 300]
5 [10, 315] [77, 314]

88
1 [359, 302] [533, 312]
2 [700, 347] [400, 370]
3 [727, 325] [824, 351]
4 [1226, 299] [1044, 298]
5 [3, 316] [74, 313]

89
1 [362, 304] [514, 311]
2 [700, 345] [391, 368]
3 [715, 320] [819, 352]
4 [1226, 300] [1046, 299]
5 [7, 313] [90, 318]

90
1 [362, 304] [520, 307]
2 [707, 338] [397, 370]
3 [720, 324] [825, 358]
4 [1234, 299] [1042, 301]
5 [3, 316] [92, 314]

91
1 [382, 304] [555, 310]
2 [708, 342] [385, 373]
3 [728, 318] [837, 355]
4 [1222, 302] [1039, 300]
5 [8, 316] [92, 314]

92
1 [381, 304] [555, 311]
2 [691, 345] [381, 367]
3 [714, 320] [839, 359]
4 [1232, 296] [1022, 300]
5 [7, 316] [94, 315]

93
1 [389, 304] [557, 310]
2 [694, 349] [385, 371]
3 [722, 318] [838, 359]
4 [1236, 298] [1022, 300]
5 [11, 318] [96, 315]

94
1 [400, 304] [565, 306]
2 [692, 351] [378, 372]
3 [724, 323] [842, 359]
4 [1175, 306] [1014, 304]
5 [5, 318] [94, 315]

95
1 [407, 304] [563, 309]
2 [686, 353] [375, 373]
3 [708, 325] [844, 356]
4 [1208, 302] [1016, 302]
5 [4, 316] [87, 313]

96
1 [406, 303] [564, 309]
2 [682, 356] [373, 370]
3 [708, 323] [840, 359]
4 [1248, 297] [1010, 301]
5 [6, 316] [92, 314]

97
1 [413, 301] [565, 308]
2 [696, 339] [384, 373]
3 [725, 320] [842, 360]
4 [1165, 307] [1010, 301]
5 [3, 315] [82, 315]

98
1 [422, 302] [562, 309]
2 [684, 344] [386, 375]
3 [716, 325] [843, 358]
4 [1186, 302] [1008, 301]
5 [4, 318] [88, 313]

99
1 [421, 302] [566, 314]
2 [686, 343] [389, 375]
3 [708, 323] [844, 355]
4 [1208, 298] [1008, 300]
5 [9, 315] [96, 313]

100
1 [396, 302] [559, 311]
2 [692, 347] [381, 375]
3 [716, 332] [849, 361]
4 [1119, 307] [1002, 302]
5 [5, 316] [96, 313]

101
1 [402, 301] [558, 310]
2 [686, 353] [384, 377]
3 [708, 331] [849, 357]
4 [1107, 308] [994, 300]
5 [3, 316] [99, 313]

102
1 [399, 304] [556, 312]
2 [683, 355] [387, 379]
3 [700, 324] [852, 361]
4 [1106, 308] [1005, 302]
5 [6, 316] [102, 316]

103
1 [433, 302] [562, 309]
2 [690, 353] [375, 384]
3 [708, 328] [860, 359]
4 [1096, 309] [987, 301]
5 [3, 315] [102, 314]

104
1 [395, 306] [568, 312]
2 [704, 345] [358, 375]
3 [716, 321] [865, 362]
4 [1118, 303] [989, 302]
5 [7, 314] [104, 312]

105
1 [395, 303] [563, 312]
2 [692, 349] [362, 378]
3 [711, 324] [864, 363]
4 [1141, 299] [988, 299]
5 [5, 314] [106, 316]

106
1 [447, 303] [559, 316]
2 [690, 344] [363, 372]
3 [706, 330] [873, 359]
4 [1138, 299] [988, 302]
5 [3, 311] [118, 311]

107
1 [438, 306] [563, 313]
2 [696, 340] [364, 376]
3 [705, 328] [872, 363]
4 [1135, 299] [992, 299]
5 [4, 311] [110, 314]

108
1 [433, 301] [562, 311]
2 [676, 358] [357, 377]
3 [704, 326] [865, 362]
4 [1131, 299] [987, 300]
5 [5, 316] [111, 313]

109
1 [393, 304] [571, 313]
2 [702, 343] [327, 377]
3 [712, 320] [881, 366]
4 [1181, 300] [989, 304]
5 [7, 312] [110, 313]

110
1 [428, 304] [568, 316]
2 [664, 363] [331, 375]
3 [698, 323] [878, 367]
4 [1160, 300] [981, 304]
5 [6, 316] [118, 312]

111
1 [429, 304] [570, 315]
2 [662, 361] [327, 375]
3 [702, 329] [880, 368]
4 [1183, 299] [978, 304]
5 [4, 314] [114, 313]

112
1 [484, 307] [577, 314]
2 [610, 372] [321, 376]
3 [714, 334] [884, 367]
4 [1145, 299] [970, 306]
5 [3, 313] [113, 318]

113
1 [468, 304] [575, 316]
2 [616, 374] [316, 374]
3 [708, 334] [878, 367]
4 [1159, 300] [979, 304]
5 [5, 316] [116, 316]

114
1 [472, 303] [579, 313]
2 [613, 373] [317, 380]
3 [691, 331] [879, 366]
4 [1145, 296] [983, 304]
5 [7, 314] [120, 314]

115
1 [470, 306] [583, 313]
2 [617, 375] [306, 375]
3 [726, 337] [878, 368]
4 [1156, 294] [965, 303]
5 [4, 316] [120, 316]

116
1 [476, 303] [579, 315]
2 [616, 373] [308, 376]
3 [718, 337] [890, 364]
4 [1149, 299] [971, 304]
5 [6, 314] [128, 315]

117
1 [451, 302] [579, 317]
2 [637, 367] [310, 375]
3 [718, 337] [893, 363]
4 [1128, 299] [961, 304]
5 [5, 313] [123, 313]

118
1 [474, 304] [586, 314]
2 [577, 379] [298, 378]
3 [722, 328] [899, 370]
4 [1191, 297] [963, 304]
5 [4, 314] [122, 317]

119
1 [474, 306] [583, 313]
2 [623, 374] [304, 377]
3 [710, 340] [890, 368]
4 [1145, 296] [968, 306]
5 [13, 317] [120, 314]

120
1 [481, 305] [585, 314]
2 [607, 378] [304, 378]
3 [720, 334] [904, 370]
4 [1125, 298] [960, 303]
5 [4, 316] [116, 316]

121
1 [479, 304] [589, 316]
2 [579, 377] [288, 376]
3 [717, 344] [917, 371]
4 [1160, 296] [969, 305]
5 [7, 313] [134, 315]

122
1 [476, 304] [587, 318]
2 [609, 378] [290, 379]
3 [706, 341] [913, 370]
4 [1158, 294] [965, 307]
5 [10, 316] [123, 317]

123
1 [472, 305] [585, 320]
2 [612, 379] [291, 378]
3 [700, 340] [911, 367]
4 [1141, 296] [959, 304]
5 [9, 314] [127, 316]

124
1 [477, 302] [585, 318]
2 [575, 377] [275, 380]
3 [702, 346] [922, 375]
4 [1147, 295] [955, 303]
5 [11, 317] [135, 315]

125
1 [468, 308] [585, 318]
2 [624, 371] [271, 378]
3 [708, 341] [919, 371]
4 [1109, 299] [951, 304]
5 [13, 318] [135, 315]

126
1 [478, 305] [588, 316]
2 [600, 376] [284, 375]
3 [724, 347] [917, 371]
4 [1116, 296] [955, 304]
5 [9, 316] [140, 315]

127
1 [457, 303] [589, 317]
2 [553, 380] [280, 380]
3 [715, 348] [930, 373]
4 [1140, 296] [951, 304]
5 [7, 317] [138, 314]

128
1 [455, 303] [583, 318]
2 [578, 378] [282, 381]
3 [706, 343] [927, 375]
4 [1116, 299] [947, 301]
5 [5, 317] [136, 316]

129
1 [460, 301] [584, 319]
2 [574, 379] [283, 383]
3 [702, 349] [933, 375]
4 [1115, 299] [942, 308]
5 [6, 316] [139, 315]

130
1 [495, 306] [587, 318]
2 [534, 383] [268, 380]
3 [714, 347] [944, 380]
4 [1120, 294] [943, 303]
5 [8, 318] [138, 315]

131
1 [466, 304] [580, 320]
2 [583, 379] [268, 386]
3 [705, 348] [941, 376]
4 [1106, 297] [946, 304]
5 [11, 316] [147, 313]

132
1 [465, 301] [582, 318]
2 [552, 383] [264, 380]
3 [722, 349] [941, 378]
4 [1111, 296] [941, 304]
5 [10, 313] [150, 316]

133
1 [464, 306] [586, 315]
2 [543, 380] [259, 382]
3 [710, 344] [951, 382]
4 [1157, 296] [945, 304]
5 [7, 315] [150, 317]

134
1 [429, 303] [581, 318]
2 [571, 380] [253, 383]
3 [711, 347] [953, 378]
4 [1124, 294] [945, 300]
5 [7, 317] [150, 314]

135
1 [437, 305] [578, 318]
2 [542, 382] [250, 383]
3 [714, 342] [954, 382]
4 [1120, 296] [941, 306]
5 [17, 313] [150, 315]

136
1 [467, 303] [584, 316]
2 [514, 385] [258, 385]
3 [725, 348] [961, 378]
4 [1108, 296] [945, 303]
5 [6, 316] [141, 315]

137
1 [465, 305] [586, 316]
2 [531, 385] [260, 385]
3 [723, 350] [961, 380]
4 [1092, 298] [946, 306]
5 [7, 316] [152, 316]

138
1 [461, 304] [584, 316]
2 [561, 384] [263, 386]
3 [724, 352] [963, 380]
4 [1100, 295] [931, 308]
5 [6, 316] [146, 312]

139
1 [526, 308] [593, 315]
2 [516, 387] [256, 381]
3 [703, 347] [965, 380]
4 [1135, 295] [931, 301]
5 [18, 313] [150, 316]

140
1 [496, 307] [588, 316]
2 [507, 389] [239, 382]
3 [721, 348] [975, 380]
4 [1100, 296] [923, 305]
5 [9, 318] [164, 316]

141
1 [502, 307] [593, 318]
2 [567, 385] [243, 382]
3 [725, 354] [971, 383]
4 [1106, 299] [936, 305]
5 [9, 318] [150, 316]

142
1 [532, 308] [598, 314]
2 [520, 393] [237, 382]
3 [718, 346] [983, 380]
4 [1111, 294] [944, 301]
5 [11, 316] [164, 315]

143
1 [488, 307] [591, 317]
2 [523, 389] [247, 386]
3 [701, 354] [980, 380]
4 [1112, 296] [931, 304]
5 [3, 316] [166, 316]

144
1 [502, 306] [595, 316]
2 [536, 387] [238, 383]
3 [722, 358] [981, 381]
4 [1097, 294] [926, 302]
5 [6, 317] [156, 316]

145
1 [501, 307] [599, 315]
2 [508, 390] [219, 380]
3 [706, 345] [991, 385]
4 [1101, 295] [915, 304]
5 [11, 316] [167, 311]

146
1 [512, 306] [600, 315]
2 [504, 390] [226, 382]
3 [698, 350] [991, 387]
4 [1078, 296] [908, 306]
5 [6, 315] [168, 313]

147
1 [487, 307] [595, 317]
2 [496, 390] [228, 382]
3 [692, 347] [1000, 390]
4 [1153, 293] [915, 304]
5 [5, 313] [165, 314]

148
1 [468, 305] [602, 316]
2 [501, 388] [213, 382]
3 [698, 349] [1003, 387]
4 [1137, 295] [906, 302]
5 [7, 315] [178, 313]

149
1 [470, 305] [601, 316]
2 [513, 387] [215, 383]
3 [702, 349] [1006, 385]
4 [1109, 294] [902, 303]
5 [5, 316] [177, 316]

150
1 [453, 307] [594, 317]
2 [511, 390] [211, 383]
3 [707, 356] [1006, 383]
4 [1117, 293] [910, 305]
5 [9, 318] [178, 313]

151
1 [502, 306] [603, 317]
2 [443, 395] [195, 378]
3 [708, 349] [1021, 392]
4 [1078, 292] [907, 306]
5 [19, 317] [183, 313]

152
1 [476, 311] [609, 316]
2 [457, 394] [202, 384]
3 [706, 346] [1017, 392]
4 [1076, 294] [908, 306]
5 [17, 318] [184, 315]

153
1 [502, 306] [609, 318]
2 [496, 395] [192, 385]
3 [712, 349] [1018, 390]
4 [1075, 295] [900, 305]
5 [7, 319] [185, 314]

154
1 [547, 308] [624, 322]
2 [393, 399] [189, 383]
3 [708, 351] [1028, 391]
4 [1051, 296] [899, 302]
5 [15, 316] [187, 315]

155
1 [555, 306] [623, 319]
2 [423, 396] [182, 380]
3 [720, 342] [1033, 389]
4 [1093, 294] [894, 306]
5 [7, 318] [185, 313]

156
1 [470, 307] [606, 317]
2 [427, 396] [189, 381]
3 [712, 359] [1027, 392]
4 [1084, 294] [890, 306]
5 [7, 318] [182, 316]

157
1 [547, 311] [619, 320]
2 [411, 397] [187, 386]
3 [720, 364] [1043, 391]
4 [1090, 296] [886, 304]
5 [14, 320] [191, 314]

158
1 [515, 311] [624, 321]
2 [410, 399] [196, 385]
3 [701, 362] [1041, 392]
4 [1081, 296] [890, 306]
5 [9, 319] [186, 316]

159
1 [522, 310] [624, 320]
2 [430, 398] [183, 382]
3 [726, 367] [1046, 396]
4 [1084, 294] [888, 308]
5 [14, 321] [185, 316]

160
1 [554, 306] [622, 324]
2 [473, 396] [182, 383]
3 [710, 366] [1062, 393]
4 [1096, 292] [884, 308]
5 [17, 318] [196, 315]

161
1 [554, 306] [628, 323]
2 [424, 397] [176, 384]
3 [718, 362] [1056, 392]
4 [1086, 292] [881, 310]
5 [12, 316] [188, 315]

162
1 [549, 308] [622, 321]
2 [464, 394] [178, 383]
3 [712, 367] [1060, 396]
4 [1088, 296] [890, 307]
5 [10, 320] [185, 316]

163
1 [553, 307] [619, 326]
2 [452, 397] [172, 383]
3 [707, 360] [1071, 397]
4 [1141, 292] [892, 305]
5 [7, 318] [176, 317]

164
1 [549, 311] [627, 325]
2 [457, 397] [170, 383]
3 [707, 359] [1076, 401]
4 [1095, 294] [884, 311]
5 [4, 322] [197, 316]

165
1 [543, 308] [624, 325]
2 [489, 398] [172, 383]
3 [698, 359] [1069, 404]
4 [1097, 292] [882, 310]
5 [11, 318] [193, 319]

166
1 [567, 310] [633, 328]
2 [439, 404] [151, 385]
3 [718, 371] [1088, 399]
4 [1127, 294] [872, 311]
5 [11, 319] [197, 316]

167
1 [547, 306] [629, 325]
2 [415, 403] [144, 378]
3 [704, 363] [1084, 402]
4 [1140, 294] [873, 308]
5 [12, 318] [205, 316]

168
1 [522, 309] [622, 329]
2 [395, 404] [141, 385]
3 [711, 363] [1091, 403]
4 [1101, 294] [868, 307]
5 [10, 324] [205, 313]

169
1 [573, 310] [622, 328]
2 [375, 405] [133, 382]
3 [714, 366] [1090, 403]
4 [1051, 294] [874, 311]
5 [8, 323] [199, 313]

170
1 [555, 307] [630, 330]
2 [415, 402] [134, 380]
3 [706, 361] [1101, 397]
4 [1090, 299] [867, 311]
5 [20, 316] [203, 317]

171
1 [547, 311] [627, 326]
2 [383, 404] [128, 385]
3 [706, 368] [1104, 408]
4 [1053, 294] [870, 309]
5 [7, 320] [194, 316]

172
1 [559, 308] [621, 331]
2 [383, 405] [132, 384]
3 [702, 360] [1122, 409]
4 [1093, 295] [868, 308]
5 [13, 320] [210, 315]

173
1 [545, 307] [625, 330]
2 [451, 399] [124, 387]
3 [729, 371] [1118, 411]
4 [1113, 296] [861, 312]
5 [19, 321] [209, 316]

174
1 [543, 305] [625, 328]
2 [424, 403] [125, 388]
3 [708, 365] [1123, 402]
4 [1112, 294] [864, 313]
5 [6, 323] [210, 316]

175
1 [575, 311] [620, 329]
2 [369, 407] [118, 385]
3 [709, 359] [1130, 407]
4 [1070, 294] [865, 311]
5 [15, 323] [213, 315]

176
1 [567, 311] [620, 332]
2 [424, 408] [119, 385]
3 [703, 366] [1137, 406]
4 [1077, 296] [857, 311]
5 [13, 320] [221, 317]

177
1 [564, 312] [621, 329]
2 [402, 399] [117, 388]
3 [702, 366] [1136, 410]
4 [1064, 296] [864, 311]
5 [14, 321] [214, 319]

178
1 [564, 312] [621, 332]
2 [376, 404] [112, 385]
3 [713, 359] [1150, 413]
4 [1013, 297] [856, 313]
5 [14, 318] [215, 317]

179
1 [571, 314] [620, 337]
2 [379, 408] [116, 385]
3 [703, 362] [1138, 413]
4 [1062, 293] [854, 313]
5 [13, 319] [217, 318]

180
1 [567, 315] [623, 335]
2 [420, 405] [113, 390]
3 [695, 363] [1150, 406]
4 [1104, 298] [851, 314]
5 [11, 319] [211, 318]

181
1 [576, 313] [621, 337]
2 [439, 403] [101, 387]
3 [712, 367] [1157, 415]
4 [1078, 299] [848, 316]
5 [9, 320] [212, 318]

182
1 [568, 314] [618, 335]
2 [423, 407] [106, 389]
3 [705, 366] [1161, 412]
4 [1129, 301] [854, 312]
5 [9, 322] [209, 316]

183
1 [563, 311] [619, 335]
2 [425, 404] [100, 390]
3 [705, 366] [1159, 416]
4 [1117, 297] [856, 310]
5 [19, 322] [211, 318]

184
1 [590, 314] [621, 340]
2 [296, 402] [102, 387]
3 [720, 378] [1165, 415]
4 [1062, 296] [853, 311]
5 [13, 321] [205, 316]

185
1 [585, 313] [619, 343]
2 [361, 409] [97, 388]
3 [728, 377] [1169, 406]
4 [1066, 296] [852, 311]
5 [39, 320] [210, 318]

186
1 [583, 316] [624, 344]
2 [355, 410] [87, 387]
3 [722, 378] [1163, 413]
4 [1066, 296] [852, 315]
5 [13, 323] [214, 317]

187
1 [593, 313] [613, 339]
2 [321, 406] [90, 383]
3 [849, 399] [1177, 410]
4 [1042, 297] [840, 316]
5 [20, 320] [236, 316]

188
1 [593, 317] [615, 336]
2 [315, 407] [89, 383]
3 [838, 404] [1181, 410]
4 [1057, 295] [842, 315]
5 [24, 324] [237, 316]

189
1 [587, 315] [618, 338]
2 [326, 409] [97, 388]
3 [838, 399] [1177, 410]
4 [1053, 296] [842, 318]
5 [20, 323] [237, 313]

190
1 [621, 316] [611, 343]
2 [376, 404] [95, 389]
3 [913, 414] [1192, 413]
4 [1023, 296] [836, 315]
5 [16, 320] [229, 319]

191
1 [615, 313] [611, 344]
2 [404, 405] [89, 389]
3 [835, 402] [1194, 416]
4 [1062, 298] [836, 316]
5 [36, 322] [237, 316]

192
1 [615, 315] [607, 344]
2 [367, 403] [88, 388]
3 [835, 399] [1186, 415]
4 [1074, 296] [833, 316]
5 [21, 322] [235, 316]

193
1 [620, 316] [607, 347]
2 [350, 408] [83, 390]
3 [807, 390] [1210, 416]
4 [1027, 296] [836, 313]
5 [7, 323] [239, 316]

194
1 [619, 311] [608, 349]
2 [413, 402] [83, 390]
3 [763, 384] [1200, 414]
4 [1054, 298] [834, 317]
5 [13, 323] [242, 316]

195
1 [621, 313] [605, 349]
2 [341, 413] [81, 387]
3 [791, 391] [1205, 411]
4 [1039, 297] [837, 315]
5 [15, 322] [239, 318]

196
1 [621, 317] [603, 352]
2 [415, 406] [78, 392]
3 [789, 387] [1222, 418]
4 [1029, 297] [829, 319]
5 [36, 319] [246, 316]

197
1 [621, 313] [607, 348]
2 [407, 409] [77, 387]
3 [900, 411] [1220, 419]
4 [1034, 295] [830, 318]
5 [36, 321] [243, 321]

198
1 [620, 312] [607, 352]
2 [400, 409] [64, 389]
3 [828, 401] [1226, 420]
4 [1040, 301] [828, 319]
5 [28, 325] [255, 318]

199
1 [656, 323] [597, 352]
2 [414, 406] [72, 390]
3 [906, 409] [1236, 423]
4 [1117, 303] [830, 317]
5 [17, 323] [257, 319]

200
1 [661, 326] [598, 350]
2 [421, 408] [67, 395]
3 [903, 410] [1238, 426]
4 [1078, 296] [828, 319]
5 [15, 323] [261, 318]

201
1 [650, 321] [601, 349]
2 [425, 409] [69, 393]
3 [820, 404] [1231, 419]
4 [1084, 299] [825, 315]
5 [20, 318] [259, 315]

202
1 [656, 328] [594, 355]
2 [453, 407] [67, 395]
3 [903, 411] [1248, 426]
4 [1066, 299] [822, 322]
5 [34, 321] [261, 322]

203
1 [647, 324] [594, 358]
2 [411, 404] [70, 392]
3 [900, 414] [1249, 419]
4 [1072, 301] [826, 320]
5 [34, 322] [263, 317]

204
1 [639, 321] [593, 356]
2 [373, 411] [79, 400]
3 [846, 408] [1242, 423]
4 [1074, 299] [823, 317]
5 [24, 320] [259, 319]

205
1 [666, 332] [590, 354]
2 [401, 411] [83, 396]
3 [904, 414] [1264, 422]
4 [1056, 302] [828, 318]
5 [24, 323] [266, 317]

206
1 [662, 325] [586, 358]
2 [332, 416] [72, 400]
3 [903, 416] [1264, 421]
4 [1067, 302] [821, 316]
5 [48, 318] [265, 323]

207
1 [660, 329] [592, 355]
2 [387, 411] [79, 392]
3 [839, 400] [1260, 431]
4 [1060, 304] [822, 320]
5 [31, 320] [259, 320]

208
1 [660, 323] [586, 357]
2 [334, 414] [79, 398]
3 [1011, 299] [815, 321]
4 [10, 324] [269, 316]

209
1 [655, 321] [584, 359]
2 [417, 411] [56, 396]
3 [1010, 301] [813, 320]
4 [12, 326] [269, 318]

210
1 [654, 318] [582, 357]
2 [411, 415] [59, 395]
3 [1036, 299] [816, 322]
4 [13, 325] [273, 320]

211
1 [658, 334] [576, 363]
2 [317, 416] [41, 394]
3 [993, 301] [811, 317]
4 [9, 324] [274, 319]

212
1 [655, 330] [572, 361]
2 [358, 418] [49, 392]
3 [1002, 300] [811, 323]
4 [15, 324] [273, 316]

213
1 [651, 323] [574, 361]
2 [379, 410] [47, 392]
3 [981, 304] [811, 321]
4 [15, 326] [276, 318]

214
1 [655, 330] [563, 369]
2 [350, 419] [41, 390]
3 [1042, 301] [812, 318]
4 [11, 325] [287, 315]

215
1 [647, 321] [570, 362]
2 [358, 416] [47, 392]
3 [1010, 303] [808, 324]
4 [14, 323] [281, 318]

216
1 [644, 327] [572, 361]
2 [401, 411] [41, 395]
3 [993, 301] [807, 325]
4 [19, 324] [280, 320]

217
1 [654, 332] [559, 363]
2 [151, 415] [37, 388]
3 [973, 303] [803, 323]
4 [32, 321] [285, 321]

218
1 [656, 325] [567, 363]
2 [207, 415] [35, 390]
3 [963, 306] [805, 323]
4 [45, 324] [282, 321]

219
1 [656, 324] [565, 365]
2 [252, 414] [39, 395]
3 [999, 304] [807, 323]
4 [37, 325] [285, 319]

220
1 [656, 344] [560, 363]
2 [185, 417] [41, 393]
3 [956, 306] [807, 326]
4 [62, 318] [286, 320]

221
1 [664, 346] [561, 366]
2 [238, 415] [34, 386]
3 [946, 306] [804, 327]
4 [47, 323] [284, 318]

222
1 [664, 342] [555, 366]
2 [197, 420] [35, 390]
3 [967, 305] [801, 326]
4 [81, 320] [293, 321]

223
1 [660, 335] [547, 369]
2 [129, 411] [33, 390]
3 [947, 308] [802, 326]
4 [77, 320] [287, 322]

224
1 [676, 344] [552, 370]
2 [112, 415] [35, 387]
3 [960, 308] [794, 328]
4 [89, 324] [294, 319]

225
1 [670, 337] [551, 371]
2 [112, 415] [30, 387]
3 [973, 305] [796, 328]
4 [55, 325] [292, 320]

226
1 [656, 332] [534, 372]
2 [109, 416] [30, 387]
3 [953, 305] [801, 328]
4 [102, 320] [305, 321]

227
1 [669, 332] [542, 373]
2 [96, 419] [29, 385]
3 [959, 306] [797, 330]
4 [69, 321] [304, 318]

228
1 [661, 347] [536, 373]
2 [94, 419] [27, 383]
3 [959, 309] [801, 328]
4 [85, 321] [302, 323]

229
1 [668, 349] [519, 379]
2 [89, 418] [23, 385]
3 [1000, 302] [800, 329]
4 [69, 324] [306, 320]

230
1 [677, 343] [526, 375]
2 [76, 419] [31, 387]
3 [961, 308] [801, 328]
4 [87, 326] [309, 322]

231
1 [665, 337] [529, 377]
2 [85, 419] [23, 386]
3 [967, 306] [803, 325]
4 [72, 322] [306, 324]

232
1 [672, 347] [514, 378]
2 [47, 418] [21, 384]
3 [897, 311] [799, 328]
4 [102, 321] [316, 318]

233
1 [677, 347] [524, 377]
2 [57, 421] [23, 381]
3 [981, 310] [803, 329]
4 [123, 320] [321, 323]

234
1 [678, 345] [520, 378]
2 [62, 421] [20, 384]
3 [913, 307] [799, 332]
4 [108, 323] [322, 321]

235
1 [664, 356] [512, 379]
2 [57, 421] [20, 384]
3 [937, 304] [795, 335]
4 [95, 324] [324, 323]

236
1 [662, 355] [512, 378]
2 [52, 419] [23, 383]
3 [952, 308] [799, 328]
4 [100, 320] [328, 323]

237
1 [663, 344] [519, 375]
2 [83, 421] [19, 384]
3 [943, 306] [797, 330]
4 [106, 320] [320, 322]

238
1 [661, 340] [498, 381]
2 [41, 423] [16, 381]
3 [870, 314] [793, 332]
4 [79, 322] [326, 323]

239
1 [664, 340] [505, 382]
2 [45, 422] [16, 385]
3 [942, 304] [795, 332]
4 [99, 318] [330, 325]

240
1 [663, 345] [499, 379]
2 [54, 420] [11, 383]
3 [949, 305] [797, 330]
4 [128, 318] [324, 323]

241
1 [682, 347] [505, 383]
2 [21, 421] [17, 391]
3 [877, 315] [791, 335]
4 [91, 320] [330, 320]

242
1 [679, 345] [492, 379]
2 [27, 417] [17, 383]
3 [904, 311] [791, 332]
4 [106, 318] [328, 321]

243
1 [685, 347] [498, 381]
2 [47, 425] [15, 384]
3 [896, 311] [792, 331]
4 [135, 320] [320, 321]

244
1 [664, 356] [483, 385]
2 [24, 422] [13, 385]
3 [876, 316] [790, 331]
4 [89, 320] [339, 319]

245
1 [672, 355] [486, 382]
2 [75, 426] [8, 382]
3 [858, 317] [785, 334]
4 [114, 319] [334, 322]

246
1 [667, 356] [486, 387]
2 [41, 423] [11, 385]
3 [904, 311] [788, 332]
4 [104, 318] [330, 320]

247
1 [666, 350] [476, 388]
2 [17, 420] [17, 385]
3 [861, 316] [767, 340]
4 [57, 325] [335, 323]

248
1 [666, 356] [476, 385]
2 [27, 427] [16, 381]
3 [860, 315] [768, 337]
4 [48, 327] [330, 322]

249
1 [669, 343] [482, 382]
2 [36, 425] [11, 381]
3 [867, 316] [765, 340]
4 [19, 325] [329, 322]

250
1 [670, 344] [460, 389]
2 [27, 426] [9, 385]
3 [832, 321] [763, 342]
4 [28, 322] [332, 320]

251
1 [668, 342] [464, 391]
2 [38, 428] [7, 379]
3 [860, 316] [759, 342]
4 [31, 323] [348, 325]

252
1 [664, 344] [470, 390]
2 [64, 425] [5, 380]
3 [845, 317] [767, 339]
4 [18, 322] [341, 322]

253
1 [656, 348] [455, 393]
2 [11, 421] [5, 380]
3 [856, 317] [763, 344]
4 [40, 324] [342, 324]

254
1 [662, 350] [452, 392]
2 [14, 423] [7, 379]
3 [865, 320] [760, 341]
4 [31, 322] [338, 324]

255
1 [665, 348] [456, 389]
2 [10, 423] [7, 379]
3 [854, 319] [765, 342]
4 [71, 322] [348, 323]

256
1 [672, 354] [443, 396]
2 [5, 420] [5, 384]
3 [819, 316] [769, 347]
4 [52, 325] [344, 320]

257
1 [673, 354] [443, 395]
2 [6, 419] [5, 380]
3 [825, 319] [771, 349]
4 [39, 323] [348, 324]

258
1 [672, 353] [445, 396]
2 [5, 422] [2, 380]
3 [840, 315] [775, 337]
4 [52, 325] [347, 325]

259
1 [670, 352] [427, 397]
2 [3, 426] [5, 382]
3 [793, 321] [773, 354]
4 [22, 325] [358, 323]
5 [1266, 307] [1240, 307]

260
1 [669, 349] [433, 401]
2 [7, 423] [5, 382]
3 [823, 318] [780, 350]
4 [43, 323] [364, 326]
5 [1262, 307] [1234, 307]

261
1 [672, 349] [424, 397]
2 [7, 425] [9, 381]
3 [819, 320] [768, 352]
4 [44, 323] [361, 320]
5 [1267, 305] [1236, 306]

262
1 [672, 359] [410, 400]
2 [3, 423] [10, 380]
3 [781, 322] [771, 354]
4 [78, 323] [364, 325]
5 [1266, 309] [1238, 306]

263
1 [670, 361] [413, 401]
2 [5, 430] [7, 383]
3 [792, 323] [769, 354]
4 [35, 323] [350, 326]
5 [1267, 307] [1232, 306]

264
1 [673, 356] [420, 398]
2 [1, 421] [5, 380]
3 [803, 322] [779, 353]
4 [24, 322] [358, 325]
5 [1268, 308] [1236, 311]

265
1 [660, 359] [404, 401]
2 [2, 421] [9, 381]
3 [753, 330] [767, 367]
4 [65, 321] [377, 326]
5 [1267, 310] [1236, 306]

266
1 [663, 354] [402, 404]
2 [4, 422] [9, 381]
3 [773, 324] [773, 363]
4 [43, 323] [369, 323]
5 [1266, 309] [1233, 308]

267
1 [674, 355] [400, 401]
2 [3, 427] [11, 378]
3 [773, 324] [770, 362]
4 [55, 324] [368, 328]
5 [1268, 311] [1234, 309]

268
1 [659, 366] [382, 406]
2 [3, 430] [7, 377]
3 [777, 325] [771, 366]
4 [71, 323] [365, 328]
5 [1265, 311] [1228, 308]

269
1 [662, 363] [375, 405]
2 [1, 422] [9, 380]
3 [784, 325] [770, 362]
4 [52, 326] [362, 328]
5 [1265, 311] [1229, 309]

270
1 [669, 364] [371, 406]
2 [2, 425] [6, 381]
3 [785, 326] [773, 367]
4 [26, 326] [374, 328]
5 [1266, 310] [1232, 309]

271
1 [647, 369] [362, 404]
2 [3, 425] [5, 376]
3 [769, 326] [774, 369]
4 [86, 323] [364, 325]
5 [1267, 309] [1226, 313]

272
1 [647, 378] [358, 410]
2 [3, 433] [12, 379]
3 [772, 327] [778, 368]
4 [43, 324] [363, 327]
5 [1265, 310] [1223, 313]

273
1 [642, 376] [367, 404]
2 [2, 425] [8, 378]
3 [763, 329] [779, 365]
4 [45, 323] [371, 328]
5 [1262, 310] [1220, 313]

274
1 [641, 379] [354, 415]
2 [4, 431] [10, 382]
3 [760, 329] [775, 375]
4 [74, 322] [377, 329]
5 [1268, 313] [1229, 312]

275
1 [638, 378] [370, 409]
2 [5, 424] [11, 378]
3 [761, 328] [777, 374]
4 [55, 323] [366, 327]
5 [1267, 315] [1229, 310]

276
1 [654, 368] [372, 418]
2 [4, 430] [12, 376]
3 [765, 330] [778, 368]
4 [68, 322] [366, 328]
5 [1264, 313] [1222, 311]

277
1 [623, 385] [354, 409]
2 [1, 436] [9, 378]
3 [747, 334] [776, 373]
4 [82, 324] [385, 328]
5 [1268, 314] [1220, 313]

278
1 [625, 381] [343, 410]
2 [3, 421] [8, 378]
3 [755, 334] [775, 374]
4 [75, 321] [381, 328]
5 [1266, 310] [1218, 312]

279
1 [629, 375] [336, 416]
2 [1, 427] [8, 379]
3 [748, 337] [779, 372]
4 [57, 328] [381, 325]
5 [1267, 313] [1212, 315]

280
1 [662, 359] [336, 416]
2 [3, 433] [11, 372]
3 [749, 335] [789, 378]
4 [126, 326] [393, 323]
5 [1264, 313] [1218, 312]

281
1 [668, 360] [333, 414]
2 [1, 436] [12, 378]
3 [757, 335] [783, 375]
4 [135, 324] [394, 325]
5 [1268, 313] [1212, 315]

282
1 [649, 378] [327, 415]
2 [0, 431] [7, 377]
3 [758, 341] [783, 378]
4 [70, 323] [393, 325]
5 [1264, 312] [1213, 311]

283
1 [662, 369] [325, 418]
2 [3, 426] [9, 377]
3 [749, 340] [780, 375]
4 [92, 325] [393, 331]
5 [1267, 312] [1212, 313]

284
1 [664, 362] [320, 416]
2 [3, 433] [3, 378]
3 [748, 332] [783, 373]
4 [128, 328] [393, 325]
5 [1265, 315] [1209, 311]

285
1 [661, 378] [314, 419]
2 [3, 435] [4, 378]
3 [751, 333] [779, 372]
4 [75, 328] [397, 329]
5 [1266, 315] [1211, 312]

286
1 [658, 366] [308, 423]
2 [4, 432] [9, 380]
3 [753, 338] [789, 379]
4 [136, 323] [399, 329]
5 [1267, 313] [1204, 314]

287
1 [657, 378] [302, 417]
2 [3, 430] [7, 374]
3 [756, 346] [791, 373]
4 [65, 325] [390, 330]
5 [1266, 317] [1203, 310]

288
1 [657, 371] [309, 420]
2 [4, 431] [5, 383]
3 [733, 345] [789, 380]
4 [45, 322] [388, 330]
5 [1264, 314] [1210, 311]

289
1 [664, 365] [299, 419]
2 [1, 427] [9, 373]
3 [724, 349] [791, 381]
4 [87, 325] [388, 328]
5 [1265, 314] [1208, 313]

290
1 [678, 368] [296, 423]
2 [3, 423] [3, 378]
3 [729, 349] [802, 383]
4 [136, 325] [412, 330]
5 [1262, 316] [1209, 316]

291
1 [653, 370] [296, 423]
2 [0, 432] [7, 370]
3 [722, 347] [803, 383]
4 [124, 329] [409, 329]
5 [1263, 313] [1203, 310]

292
1 [676, 368] [288, 427]
2 [1, 440] [9, 373]
3 [733, 348] [796, 385]
4 [137, 324] [415, 327]
5 [1262, 314] [1191, 311]

293
1 [674, 368] [280, 425]
2 [1, 431] [12, 369]
3 [725, 347] [801, 385]
4 [183, 328] [406, 330]
5 [1258, 316] [1205, 313]

294
1 [652, 363] [274, 423]
2 [5, 428] [6, 368]
3 [713, 344] [801, 385]
4 [136, 327] [415, 329]
5 [1262, 316] [1197, 311]

295
1 [656, 385] [273, 426]
2 [4, 432] [4, 389]
3 [728, 350] [800, 389]
4 [193, 322] [405, 333]
5 [1264, 317] [1200, 317]

296
1 [642, 377] [269, 426]
2 [2, 431] [1, 383]
3 [722, 341] [799, 392]
4 [145, 327] [409, 328]
5 [1265, 317] [1195, 316]

297
1 [654, 371] [271, 428]
2 [2, 428] [5, 379]
3 [710, 349] [799, 391]
4 [118, 327] [397, 331]
5 [1262, 316] [1194, 311]

298
1 [562, 411] [265, 431]
2 [3, 435] [7, 381]
3 [683, 350] [799, 398]
4 [1267, 316] [1200, 315]
5 [136, 330] [417, 331]

299
1 [625, 389] [247, 430]
2 [2, 432] [11, 367]
3 [691, 343] [800, 395]
4 [105, 325] [431, 330]
5 [1265, 316] [1192, 310]

300
1 [631, 387] [253, 428]
2 [1, 431] [11, 369]
3 [714, 348] [805, 392]
4 [114, 329] [431, 332]
5 [1264, 315] [1192, 312]

301
1 [670, 376] [253, 434]
2 [2, 387] [15, 364]
3 [718, 347] [809, 399]
4 [134, 329] [427, 328]
5 [1261, 316] [1202, 314]

302
1 [666, 382] [233, 425]
2 [1, 378] [16, 361]
3 [711, 352] [807, 393]
4 [114, 328] [431, 333]
5 [1266, 320] [1204, 316]

303
1 [650, 375] [245, 434]
2 [1, 382] [13, 352]
3 [686, 349] [811, 397]
4 [159, 329] [425, 333]
5 [1266, 319] [1197, 318]

304
1 [529, 421] [239, 428]
2 [5, 380] [21, 363]
3 [708, 358] [820, 400]
4 [171, 323] [437, 330]
5 [1264, 317] [1200, 314]

305
1 [547, 416] [230, 437]
2 [2, 388] [24, 363]
3 [709, 351] [822, 397]
4 [192, 324] [436, 330]
5 [1266, 318] [1193, 320]

306
1 [576, 409] [229, 432]
2 [1, 392] [20, 365]
3 [695, 351] [822, 392]
4 [184, 321] [442, 331]
5 [1265, 317] [1184, 317]

307
1 [527, 424] [234, 433]
2 [1, 394] [21, 359]
3 [703, 347] [824, 399]
4 [183, 323] [433, 336]
5 [1262, 322] [1175, 316]

308
1 [1, 398] [15, 360]
2 [640, 391] [210, 433]
3 [692, 337] [819, 404]
4 [235, 316] [441, 333]
5 [1261, 318] [1175, 317]

309
1 [666, 391] [215, 438]
2 [3, 389] [21, 362]
3 [719, 346] [820, 396]
4 [193, 323] [435, 334]
5 [1266, 318] [1190, 316]

310
1 [520, 418] [197, 435]
2 [3, 392] [23, 360]
3 [711, 345] [831, 405]
4 [199, 318] [435, 335]
5 [1263, 322] [1171, 317]

311
1 [550, 420] [207, 432]
2 [4, 399] [21, 366]
3 [718, 346] [832, 402]
4 [215, 316] [428, 329]
5 [1264, 322] [1176, 325]

312
1 [571, 421] [217, 431]
2 [1, 402] [21, 352]
3 [704, 357] [831, 410]
4 [195, 322] [431, 331]
5 [1264, 323] [1175, 315]

313
1 [524, 429] [201, 430]
2 [3, 389] [19, 359]
3 [697, 349] [839, 407]
4 [184, 323] [428, 330]
5 [1261, 319] [1169, 319]

314
1 [534, 419] [189, 442]
2 [5, 388] [25, 359]
3 [704, 354] [839, 407]
4 [179, 323] [435, 328]
5 [1262, 320] [1175, 314]

315
1 [580, 403] [217, 429]
2 [2, 398] [23, 359]
3 [664, 350] [842, 409]
4 [186, 326] [426, 331]
5 [1263, 321] [1169, 317]

316
1 [593, 403] [172, 435]
2 [0, 397] [21, 358]
3 [693, 354] [846, 408]
4 [181, 325] [449, 336]
5 [1262, 316] [1172, 318]

317
1 [606, 393] [193, 437]
2 [1, 402] [23, 356]
3 [696, 347] [847, 409]
4 [191, 327] [444, 331]
5 [1264, 316] [1167, 321]

318
1 [619, 389] [183, 435]
2 [3, 429] [24, 361]
3 [730, 353] [847, 409]
4 [195, 320] [446, 336]
5 [1264, 316] [1171, 319]

319
1 [617, 386] [172, 438]
2 [3, 391] [26, 355]
3 [728, 359] [858, 416]
4 [195, 323] [440, 330]
5 [1262, 320] [1169, 321]

320
1 [624, 387] [167, 434]
2 [1, 394] [21, 361]
3 [696, 352] [860, 414]
4 [197, 323] [442, 332]
5 [1264, 325] [1163, 321]

321
1 [608, 422] [164, 438]
2 [3, 388] [29, 356]
3 [714, 356] [854, 414]
4 [176, 323] [450, 334]
5 [1264, 322] [1163, 319]

322
1 [494, 447] [152, 440]
2 [2, 387] [31, 363]
3 [703, 377] [860, 419]
4 [178, 326] [465, 338]
5 [1262, 323] [1162, 322]

323
1 [507, 447] [151, 438]
2 [3, 384] [28, 362]
3 [694, 361] [860, 423]
4 [181, 325] [462, 332]
5 [1261, 322] [1155, 323]

324
1 [520, 442] [147, 439]
2 [3, 383] [30, 360]
3 [718, 370] [866, 415]
4 [214, 321] [462, 334]
5 [1267, 321] [1161, 326]

325
1 [597, 411] [134, 444]
2 [0, 384] [32, 353]
3 [703, 375] [881, 423]
4 [197, 320] [470, 339]
5 [1260, 322] [1168, 324]

326
1 [526, 440] [138, 443]
2 [5, 382] [36, 360]
3 [704, 371] [872, 421]
4 [207, 320] [461, 335]
5 [1260, 321] [1162, 324]

327
1 [519, 428] [136, 438]
2 [4, 380] [36, 356]
3 [703, 387] [876, 423]
4 [205, 328] [472, 331]
5 [1262, 321] [1165, 320]

328
1 [491, 458] [120, 443]
2 [2, 384] [35, 356]
3 [693, 381] [883, 425]
4 [170, 328] [475, 335]
5 [1266, 320] [1167, 326]

329